0x53CE47cbe7F2be0AEcD086a70182A98c907D024d,count,0,0,0
0x958a8f594101d2c0485a52319f29b2647f2ebc06,count,0,8,8
0x958a8f594101d2c0485a52319f29b2647f2ebc06,1,missing,24220
0x958a8f594101d2c0485a52319f29b2647f2ebc06,2,missing,23804
0x958a8f594101d2c0485a52319f29b2647f2ebc06,3,missing,21000
0x958a8f594101d2c0485a52319f29b2647f2ebc06,4,missing,21000
0x958a8f594101d2c0485a52319f29b2647f2ebc06,5,missing,24184
0x958a8f594101d2c0485a52319f29b2647f2ebc06,6,missing,24184
0x958a8f594101d2c0485a52319f29b2647f2ebc06,7,missing,21000
0x958a8f594101d2c0485a52319f29b2647f2ebc06,8,missing,23992
0xc7d020d8c92d099b3ade17321310b4815ef20a90,1,75153,missing
0xc7d020d8c92d099b3ade17321310b4815ef20a90,2,75705,missing
0xc7d020d8c92d099b3ade17321310b4815ef20a90,3,724117,missing
0xc7d020d8c92d099b3ade17321310b4815ef20a90,4,724241,missing
0xc7d020d8c92d099b3ade17321310b4815ef20a90,5,724103,missing
0xc7d020d8c92d099b3ade17321310b4815ef20a90,6,724105,missing
0xc7d020d8c92d099b3ade17321310b4815ef20a90,7,724107,missing
0xc7d020d8c92d099b3ade17321310b4815ef20a90,8,724223,missing
0xc7d020d8c92d099b3ade17321310b4815ef20a90,9,724209,missing
0xc7d020d8c92d099b3ade17321310b4815ef20a90,10,724281,missing
0xc7d020d8c92d099b3ade17321310b4815ef20a90,11,702125,missing
0xc7d020d8c92d099b3ade17321310b4815ef20a90,12,702149,missing
0xc7d020d8c92d099b3ade17321310b4815ef20a90,13,724121,missing
0xc7d020d8c92d099b3ade17321310b4815ef20a90,14,702113,missing
0xc7d020d8c92d099b3ade17321310b4815ef20a90,15,724279,missing
0xc7d020d8c92d099b3ade17321310b4815ef20a90,16,724153,missing
0xc7d020d8c92d099b3ade17321310b4815ef20a90,17,724195,missing
0xc7d020d8c92d099b3ade17321310b4815ef20a90,18,702209,missing
0xc7d020d8c92d099b3ade17321310b4815ef20a90,19,702209,missing
0xc7d020d8c92d099b3ade17321310b4815ef20a90,20,702161,missing
0xc7d020d8c92d099b3ade17321310b4815ef20a90,21,702137,missing
0xc7d020d8c92d099b3ade17321310b4815ef20a90,22,702149,missing
0xc7d020d8c92d099b3ade17321310b4815ef20a90,23,702185,missing
0xc7d020d8c92d099b3ade17321310b4815ef20a90,24,724097,missing
0xc7d020d8c92d099b3ade17321310b4815ef20a90,25,702149,missing
0xc7d020d8c92d099b3ade17321310b4815ef20a90,26,702149,missing
0xc7d020d8c92d099b3ade17321310b4815ef20a90,27,702197,missing
0xc7d020d8c92d099b3ade17321310b4815ef20a90,28,702149,missing
0xc7d020d8c92d099b3ade17321310b4815ef20a90,29,702149,missing
0xc7d020d8c92d099b3ade17321310b4815ef20a90,30,702173,missing
0xc7d020d8c92d099b3ade17321310b4815ef20a90,31,702173,missing
0xc7d020d8c92d099b3ade17321310b4815ef20a90,32,702149,missing
0xc7d020d8c92d099b3ade17321310b4815ef20a90,33,702125,missing
0xc7d020d8c92d099b3ade17321310b4815ef20a90,34,702113,missing
0xc7d020d8c92d099b3ade17321310b4815ef20a90,35,702209,missing
0xc7d020d8c92d099b3ade17321310b4815ef20a90,36,268806,missing
0xc7d020d8c92d099b3ade17321310b4815ef20a90,37,22399,missing
0xc7d020d8c92d099b3ade17321310b4815ef20a90,38,22399,missing
0xc7d020d8c92d099b3ade17321310b4815ef20a90,39,251154,missing
0xc7d020d8c92d099b3ade17321310b4815ef20a90,40,724957,missing
0xc7d020d8c92d099b3ade17321310b4815ef20a90,42,724917,missing
0xc7d020d8c92d099b3ade17321310b4815ef20a90,43,651333,missing
0xc7d020d8c92d099b3ade17321310b4815ef20a90,44,725047,missing
0xc7d020d8c92d099b3ade17321310b4815ef20a90,45,725047,missing
0xc7d020d8c92d099b3ade17321310b4815ef20a90,46,725119,missing
0xc7d020d8c92d099b3ade17321310b4815ef20a90,47,725129,missing
0xc7d020d8c92d099b3ade17321310b4815ef20a90,48,725095,missing
0xc7d020d8c92d099b3ade17321310b4815ef20a90,49,725071,missing
0xc7d020d8c92d099b3ade17321310b4815ef20a90,50,725107,missing
0xc7d020d8c92d099b3ade17321310b4815ef20a90,51,725035,missing
0xc7d020d8c92d099b3ade17321310b4815ef20a90,52,725119,missing
0xc7d020d8c92d099b3ade17321310b4815ef20a90,53,725071,missing
0xc7d020d8c92d099b3ade17321310b4815ef20a90,54,725119,missing
0xc7d020d8c92d099b3ade17321310b4815ef20a90,55,725059,missing
0xc7d020d8c92d099b3ade17321310b4815ef20a90,56,725083,missing
0xc7d020d8c92d099b3ade17321310b4815ef20a90,57,725071,missing
0xc7d020d8c92d099b3ade17321310b4815ef20a90,58,725095,missing
0xc7d020d8c92d099b3ade17321310b4815ef20a90,59,725087,missing
0xc7d020d8c92d099b3ade17321310b4815ef20a90,60,725083,missing
0xc7d020d8c92d099b3ade17321310b4815ef20a90,61,22584,missing
0xc7d020d8c92d099b3ade17321310b4815ef20a90,62,725095,missing
0xc7d020d8c92d099b3ade17321310b4815ef20a90,63,725059,missing
0xc7d020d8c92d099b3ade17321310b4815ef20a90,64,724415,missing
0xc7d020d8c92d099b3ade17321310b4815ef20a90,65,724909,missing
0xc7d020d8c92d099b3ade17321310b4815ef20a90,66,724599,missing
0xc7d020d8c92d099b3ade17321310b4815ef20a90,67,724415,missing
0xc7d020d8c92d099b3ade17321310b4815ef20a90,68,724497,missing
0xc7d020d8c92d099b3ade17321310b4815ef20a90,69,724599,missing
0xc7d020d8c92d099b3ade17321310b4815ef20a90,70,724121,missing
0xc7d020d8c92d099b3ade17321310b4815ef20a90,71,724767,missing
0xc7d020d8c92d099b3ade17321310b4815ef20a90,72,724359,missing
0xc7d020d8c92d099b3ade17321310b4815ef20a90,73,725057,missing
0xc7d020d8c92d099b3ade17321310b4815ef20a90,74,724915,missing
0xc7d020d8c92d099b3ade17321310b4815ef20a90,75,724753,missing
0xc7d020d8c92d099b3ade17321310b4815ef20a90,76,679402,missing
0xc7d020d8c92d099b3ade17321310b4815ef20a90,77,724981,missing
0xc7d020d8c92d099b3ade17321310b4815ef20a90,78,724869,missing
0xc7d020d8c92d099b3ade17321310b4815ef20a90,79,724873,missing
0xc7d020d8c92d099b3ade17321310b4815ef20a90,80,725093,missing
0xc7d020d8c92d099b3ade17321310b4815ef20a90,81,724957,missing
0xc7d020d8c92d099b3ade17321310b4815ef20a90,82,724875,missing
0xc7d020d8c92d099b3ade17321310b4815ef20a90,83,724983,missing
0xc7d020d8c92d099b3ade17321310b4815ef20a90,84,725107,missing
0xc7d020d8c92d099b3ade17321310b4815ef20a90,85,725045,missing
0xc7d020d8c92d099b3ade17321310b4815ef20a90,86,724623,missing
0xc7d020d8c92d099b3ade17321310b4815ef20a90,87,724965,missing
0xc7d020d8c92d099b3ade17321310b4815ef20a90,88,724829,missing
0xc7d020d8c92d099b3ade17321310b4815ef20a90,89,725103,missing
0xc7d020d8c92d099b3ade17321310b4815ef20a90,90,725127,missing
0xc7d020d8c92d099b3ade17321310b4815ef20a90,91,724975,missing
0xc7d020d8c92d099b3ade17321310b4815ef20a90,92,725083,missing
0xc7d020d8c92d099b3ade17321310b4815ef20a90,93,724975,missing
0xc7d020d8c92d099b3ade17321310b4815ef20a90,94,724969,missing
0xc7d020d8c92d099b3ade17321310b4815ef20a90,95,725131,missing
0xc7d020d8c92d099b3ade17321310b4815ef20a90,96,725091,missing
0xc7d020d8c92d099b3ade17321310b4815ef20a90,97,725117,missing
0xc7d020d8c92d099b3ade17321310b4815ef20a90,98,725131,missing
0xc7d020d8c92d099b3ade17321310b4815ef20a90,99,724985,missing
0xc7d020d8c92d099b3ade17321310b4815ef20a90,100,725143,missing
0xc7d020d8c92d099b3ade17321310b4815ef20a90,101,724983,missing
0xc7d020d8c92d099b3ade17321310b4815ef20a90,102,22584,missing
0xc7d020d8c92d099b3ade17321310b4815ef20a90,103,725129,missing
0xc7d020d8c92d099b3ade17321310b4815ef20a90,104,725039,missing
0xc7d020d8c92d099b3ade17321310b4815ef20a90,105,725055,missing
0xc7d020d8c92d099b3ade17321310b4815ef20a90,106,725069,missing
0xc7d020d8c92d099b3ade17321310b4815ef20a90,107,725119,missing
0xc7d020d8c92d099b3ade17321310b4815ef20a90,108,48264,missing
0xc7d020d8c92d099b3ade17321310b4815ef20a90,109,725009,missing
0xc7d020d8c92d099b3ade17321310b4815ef20a90,110,725119,missing
0xc7d020d8c92d099b3ade17321310b4815ef20a90,111,725095,missing
0xc7d020d8c92d099b3ade17321310b4815ef20a90,112,724993,missing
0xc7d020d8c92d099b3ade17321310b4815ef20a90,113,725045,missing
0xc7d020d8c92d099b3ade17321310b4815ef20a90,114,725141,missing
0xc7d020d8c92d099b3ade17321310b4815ef20a90,115,725081,missing
0xc7d020d8c92d099b3ade17321310b4815ef20a90,116,725117,missing
0xc7d020d8c92d099b3ade17321310b4815ef20a90,117,724987,missing
0xc7d020d8c92d099b3ade17321310b4815ef20a90,118,725071,missing
0xc7d020d8c92d099b3ade17321310b4815ef20a90,119,725043,missing
0xc7d020d8c92d099b3ade17321310b4815ef20a90,120,724987,missing
0xc7d020d8c92d099b3ade17321310b4815ef20a90,121,725155,missing
0xc7d020d8c92d099b3ade17321310b4815ef20a90,122,725021,missing
0xc7d020d8c92d099b3ade17321310b4815ef20a90,123,725131,missing
0xc7d020d8c92d099b3ade17321310b4815ef20a90,124,725083,missing
0xc7d020d8c92d099b3ade17321310b4815ef20a90,125,725227,missing
0xc7d020d8c92d099b3ade17321310b4815ef20a90,126,725053,missing
0xc7d020d8c92d099b3ade17321310b4815ef20a90,127,725155,missing
0xc7d020d8c92d099b3ade17321310b4815ef20a90,128,725119,missing
0xc7d020d8c92d099b3ade17321310b4815ef20a90,129,715921,missing
0xc7d020d8c92d099b3ade17321310b4815ef20a90,130,22584,missing
0xc7d020d8c92d099b3ade17321310b4815ef20a90,131,56608,missing
0xc7d020d8c92d099b3ade17321310b4815ef20a90,132,56608,missing
0xc7d020d8c92d099b3ade17321310b4815ef20a90,133,56608,missing
0xc7d020d8c92d099b3ade17321310b4815ef20a90,134,83128,missing
0xc7d020d8c92d099b3ade17321310b4815ef20a90,135,61251,missing
0xc7d020d8c92d099b3ade17321310b4815ef20a90,136,61428,missing
0xc7d020d8c92d099b3ade17321310b4815ef20a90,137,64845,missing
0xc7d020d8c92d099b3ade17321310b4815ef20a90,138,55917,missing
0xc7d020d8c92d099b3ade17321310b4815ef20a90,139,55917,missing
0xc7d020d8c92d099b3ade17321310b4815ef20a90,140,55917,missing
0xc7d020d8c92d099b3ade17321310b4815ef20a90,141,55917,missing
0xc7d020d8c92d099b3ade17321310b4815ef20a90,142,55917,missing
0xc7d020d8c92d099b3ade17321310b4815ef20a90,143,55917,missing
0xc7d020d8c92d099b3ade17321310b4815ef20a90,144,55917,missing
0xc7d020d8c92d099b3ade17321310b4815ef20a90,145,56596,missing
0xc7d020d8c92d099b3ade17321310b4815ef20a90,146,56608,missing
0xc7d020d8c92d099b3ade17321310b4815ef20a90,count,145,0,-145
0xdb1c55f6926e7d847ddf8678905ad871a68199d2,1,21040,40061,19021
0xdb1c55f6926e7d847ddf8678905ad871a68199d2,2,30531,28153,-2378
0xdb1c55f6926e7d847ddf8678905ad871a68199d2,count,2,2,0
0x4a66ad0bca2d700f11e1f2fc2c106f7d3264504c,count,0,3,3
0x4a66ad0bca2d700f11e1f2fc2c106f7d3264504c,1,missing,29857
0x4a66ad0bca2d700f11e1f2fc2c106f7d3264504c,2,missing,29705
0x4a66ad0bca2d700f11e1f2fc2c106f7d3264504c,3,missing,30237
0xd2018bfaa266a9ec0a1a84b061640faa009def76,1,21040,40061,19021
0xd2018bfaa266a9ec0a1a84b061640faa009def76,2,30673,40453,9780
0xd2018bfaa266a9ec0a1a84b061640faa009def76,count,2,2,0
0x0661F731f7f442A4147b87aF5e77a9ECC7ed744E,1,26654,missing
0x0661F731f7f442A4147b87aF5e77a9ECC7ed744E,2,70523,missing
0x0661F731f7f442A4147b87aF5e77a9ECC7ed744E,3,48277,missing
0x0661F731f7f442A4147b87aF5e77a9ECC7ed744E,4,62320,missing
0x0661F731f7f442A4147b87aF5e77a9ECC7ed744E,5,36724,missing
0x0661F731f7f442A4147b87aF5e77a9ECC7ed744E,6,36724,missing
0x0661F731f7f442A4147b87aF5e77a9ECC7ed744E,7,62308,missing
0x0661F731f7f442A4147b87aF5e77a9ECC7ed744E,8,62320,missing
0x0661F731f7f442A4147b87aF5e77a9ECC7ed744E,9,62320,missing
0x0661F731f7f442A4147b87aF5e77a9ECC7ed744E,10,62320,missing
0x0661F731f7f442A4147b87aF5e77a9ECC7ed744E,11,62320,missing
0x0661F731f7f442A4147b87aF5e77a9ECC7ed744E,12,62320,missing
0x0661F731f7f442A4147b87aF5e77a9ECC7ed744E,13,62320,missing
0x0661F731f7f442A4147b87aF5e77a9ECC7ed744E,14,62320,missing
0x0661F731f7f442A4147b87aF5e77a9ECC7ed744E,15,62308,missing
0x0661F731f7f442A4147b87aF5e77a9ECC7ed744E,16,62320,missing
0x0661F731f7f442A4147b87aF5e77a9ECC7ed744E,17,62320,missing
0x0661F731f7f442A4147b87aF5e77a9ECC7ed744E,18,62320,missing
0x0661F731f7f442A4147b87aF5e77a9ECC7ed744E,19,62320,missing
0x0661F731f7f442A4147b87aF5e77a9ECC7ed744E,20,62296,missing
0x0661F731f7f442A4147b87aF5e77a9ECC7ed744E,21,62320,missing
0x0661F731f7f442A4147b87aF5e77a9ECC7ed744E,22,62320,missing
0x0661F731f7f442A4147b87aF5e77a9ECC7ed744E,23,62320,missing
0x0661F731f7f442A4147b87aF5e77a9ECC7ed744E,24,62320,missing
0x0661F731f7f442A4147b87aF5e77a9ECC7ed744E,25,62320,missing
0x0661F731f7f442A4147b87aF5e77a9ECC7ed744E,26,62308,missing
0x0661F731f7f442A4147b87aF5e77a9ECC7ed744E,27,62320,missing
0x0661F731f7f442A4147b87aF5e77a9ECC7ed744E,28,45220,missing
0x0661F731f7f442A4147b87aF5e77a9ECC7ed744E,29,62320,missing
0x0661F731f7f442A4147b87aF5e77a9ECC7ed744E,30,62320,missing
0x0661F731f7f442A4147b87aF5e77a9ECC7ed744E,31,62308,missing
0x0661F731f7f442A4147b87aF5e77a9ECC7ed744E,32,62320,missing
0x0661F731f7f442A4147b87aF5e77a9ECC7ed744E,33,45220,missing
0x0661F731f7f442A4147b87aF5e77a9ECC7ed744E,34,62308,missing
0x0661F731f7f442A4147b87aF5e77a9ECC7ed744E,35,62320,missing
0x0661F731f7f442A4147b87aF5e77a9ECC7ed744E,36,62320,missing
0x0661F731f7f442A4147b87aF5e77a9ECC7ed744E,37,62320,missing
0x0661F731f7f442A4147b87aF5e77a9ECC7ed744E,38,62308,missing
0x0661F731f7f442A4147b87aF5e77a9ECC7ed744E,39,62320,missing
0x0661F731f7f442A4147b87aF5e77a9ECC7ed744E,40,62308,missing
0x0661F731f7f442A4147b87aF5e77a9ECC7ed744E,41,62320,missing
0x0661F731f7f442A4147b87aF5e77a9ECC7ed744E,42,62320,missing
0x0661F731f7f442A4147b87aF5e77a9ECC7ed744E,43,62308,missing
0x0661F731f7f442A4147b87aF5e77a9ECC7ed744E,44,62320,missing
0x0661F731f7f442A4147b87aF5e77a9ECC7ed744E,45,62308,missing
0x0661F731f7f442A4147b87aF5e77a9ECC7ed744E,46,62320,missing
0x0661F731f7f442A4147b87aF5e77a9ECC7ed744E,47,62320,missing
0x0661F731f7f442A4147b87aF5e77a9ECC7ed744E,48,62320,missing
0x0661F731f7f442A4147b87aF5e77a9ECC7ed744E,49,62320,missing
0x0661F731f7f442A4147b87aF5e77a9ECC7ed744E,50,62308,missing
0x0661F731f7f442A4147b87aF5e77a9ECC7ed744E,51,62320,missing
0x0661F731f7f442A4147b87aF5e77a9ECC7ed744E,52,45208,missing
0x0661F731f7f442A4147b87aF5e77a9ECC7ed744E,53,45208,missing
0x0661F731f7f442A4147b87aF5e77a9ECC7ed744E,54,62320,missing
0x0661F731f7f442A4147b87aF5e77a9ECC7ed744E,55,62320,missing
0x0661F731f7f442A4147b87aF5e77a9ECC7ed744E,56,62320,missing
0x0661F731f7f442A4147b87aF5e77a9ECC7ed744E,57,62308,missing
0x0661F731f7f442A4147b87aF5e77a9ECC7ed744E,58,62320,missing
0x0661F731f7f442A4147b87aF5e77a9ECC7ed744E,59,62320,missing
0x0661F731f7f442A4147b87aF5e77a9ECC7ed744E,60,62320,missing
0x0661F731f7f442A4147b87aF5e77a9ECC7ed744E,61,62320,missing
0x0661F731f7f442A4147b87aF5e77a9ECC7ed744E,62,62308,missing
0x0661F731f7f442A4147b87aF5e77a9ECC7ed744E,63,45208,missing
0x0661F731f7f442A4147b87aF5e77a9ECC7ed744E,64,62320,missing
0x0661F731f7f442A4147b87aF5e77a9ECC7ed744E,65,62320,missing
0x0661F731f7f442A4147b87aF5e77a9ECC7ed744E,66,62320,missing
0x0661F731f7f442A4147b87aF5e77a9ECC7ed744E,67,45208,missing
0x0661F731f7f442A4147b87aF5e77a9ECC7ed744E,68,62308,missing
0x0661F731f7f442A4147b87aF5e77a9ECC7ed744E,69,62320,missing
0x0661F731f7f442A4147b87aF5e77a9ECC7ed744E,70,45220,missing
0x0661F731f7f442A4147b87aF5e77a9ECC7ed744E,71,62320,missing
0x0661F731f7f442A4147b87aF5e77a9ECC7ed744E,72,45220,missing
0x0661F731f7f442A4147b87aF5e77a9ECC7ed744E,73,62320,missing
0x0661F731f7f442A4147b87aF5e77a9ECC7ed744E,74,62320,missing
0x0661F731f7f442A4147b87aF5e77a9ECC7ed744E,75,62320,missing
0x0661F731f7f442A4147b87aF5e77a9ECC7ed744E,76,62320,missing
0x0661F731f7f442A4147b87aF5e77a9ECC7ed744E,77,62320,missing
0x0661F731f7f442A4147b87aF5e77a9ECC7ed744E,78,62320,missing
0x0661F731f7f442A4147b87aF5e77a9ECC7ed744E,79,62320,missing
0x0661F731f7f442A4147b87aF5e77a9ECC7ed744E,80,36724,missing
0x0661F731f7f442A4147b87aF5e77a9ECC7ed744E,81,62320,missing
0x0661F731f7f442A4147b87aF5e77a9ECC7ed744E,82,62320,missing
0x0661F731f7f442A4147b87aF5e77a9ECC7ed744E,83,62320,missing
0x0661F731f7f442A4147b87aF5e77a9ECC7ed744E,84,62320,missing
0x0661F731f7f442A4147b87aF5e77a9ECC7ed744E,85,62320,missing
0x0661F731f7f442A4147b87aF5e77a9ECC7ed744E,86,62308,missing
0x0661F731f7f442A4147b87aF5e77a9ECC7ed744E,87,62320,missing
0x0661F731f7f442A4147b87aF5e77a9ECC7ed744E,88,62320,missing
0x0661F731f7f442A4147b87aF5e77a9ECC7ed744E,89,62320,missing
0x0661F731f7f442A4147b87aF5e77a9ECC7ed744E,90,45220,missing
0x0661F731f7f442A4147b87aF5e77a9ECC7ed744E,91,62320,missing
0x0661F731f7f442A4147b87aF5e77a9ECC7ed744E,92,62320,missing
0x0661F731f7f442A4147b87aF5e77a9ECC7ed744E,93,45208,missing
0x0661F731f7f442A4147b87aF5e77a9ECC7ed744E,94,62320,missing
0x0661F731f7f442A4147b87aF5e77a9ECC7ed744E,95,62320,missing
0x0661F731f7f442A4147b87aF5e77a9ECC7ed744E,96,62320,missing
0x0661F731f7f442A4147b87aF5e77a9ECC7ed744E,97,62320,missing
0x0661F731f7f442A4147b87aF5e77a9ECC7ed744E,98,62320,missing
0x0661F731f7f442A4147b87aF5e77a9ECC7ed744E,99,62320,missing
0x0661F731f7f442A4147b87aF5e77a9ECC7ed744E,100,62332,missing
0x0661F731f7f442A4147b87aF5e77a9ECC7ed744E,101,62332,missing
0x0661F731f7f442A4147b87aF5e77a9ECC7ed744E,102,62332,missing
0x0661F731f7f442A4147b87aF5e77a9ECC7ed744E,103,62320,missing
0x0661F731f7f442A4147b87aF5e77a9ECC7ed744E,104,62332,missing
0x0661F731f7f442A4147b87aF5e77a9ECC7ed744E,105,45208,missing
0x0661F731f7f442A4147b87aF5e77a9ECC7ed744E,106,62320,missing
0x0661F731f7f442A4147b87aF5e77a9ECC7ed744E,107,62332,missing
0x0661F731f7f442A4147b87aF5e77a9ECC7ed744E,108,62332,missing
0x0661F731f7f442A4147b87aF5e77a9ECC7ed744E,109,62332,missing
0x0661F731f7f442A4147b87aF5e77a9ECC7ed744E,110,45232,missing
0x0661F731f7f442A4147b87aF5e77a9ECC7ed744E,111,62332,missing
0x0661F731f7f442A4147b87aF5e77a9ECC7ed744E,112,62332,missing
0x0661F731f7f442A4147b87aF5e77a9ECC7ed744E,113,62320,missing
0x0661F731f7f442A4147b87aF5e77a9ECC7ed744E,114,62332,missing
0x0661F731f7f442A4147b87aF5e77a9ECC7ed744E,115,62320,missing
0x0661F731f7f442A4147b87aF5e77a9ECC7ed744E,116,45208,missing
0x0661F731f7f442A4147b87aF5e77a9ECC7ed744E,117,45220,missing
0x0661F731f7f442A4147b87aF5e77a9ECC7ed744E,118,62332,missing
0x0661F731f7f442A4147b87aF5e77a9ECC7ed744E,119,62320,missing
0x0661F731f7f442A4147b87aF5e77a9ECC7ed744E,120,62320,missing
0x0661F731f7f442A4147b87aF5e77a9ECC7ed744E,121,62308,missing
0x0661F731f7f442A4147b87aF5e77a9ECC7ed744E,122,62320,missing
0x0661F731f7f442A4147b87aF5e77a9ECC7ed744E,123,62320,missing
0x0661F731f7f442A4147b87aF5e77a9ECC7ed744E,124,62308,missing
0x0661F731f7f442A4147b87aF5e77a9ECC7ed744E,125,62320,missing
0x0661F731f7f442A4147b87aF5e77a9ECC7ed744E,126,62320,missing
0x0661F731f7f442A4147b87aF5e77a9ECC7ed744E,127,62320,missing
0x0661F731f7f442A4147b87aF5e77a9ECC7ed744E,128,62308,missing
0x0661F731f7f442A4147b87aF5e77a9ECC7ed744E,129,62320,missing
0x0661F731f7f442A4147b87aF5e77a9ECC7ed744E,130,62308,missing
0x0661F731f7f442A4147b87aF5e77a9ECC7ed744E,131,45232,missing
0x0661F731f7f442A4147b87aF5e77a9ECC7ed744E,132,62320,missing
0x0661F731f7f442A4147b87aF5e77a9ECC7ed744E,133,62320,missing
0x0661F731f7f442A4147b87aF5e77a9ECC7ed744E,134,45232,missing
0x0661F731f7f442A4147b87aF5e77a9ECC7ed744E,135,62320,missing
0x0661F731f7f442A4147b87aF5e77a9ECC7ed744E,136,62332,missing
0x0661F731f7f442A4147b87aF5e77a9ECC7ed744E,137,62308,missing
0x0661F731f7f442A4147b87aF5e77a9ECC7ed744E,138,62320,missing
0x0661F731f7f442A4147b87aF5e77a9ECC7ed744E,139,62320,missing
0x0661F731f7f442A4147b87aF5e77a9ECC7ed744E,140,45208,missing
0x0661F731f7f442A4147b87aF5e77a9ECC7ed744E,141,62332,missing
0x0661F731f7f442A4147b87aF5e77a9ECC7ed744E,142,62320,missing
0x0661F731f7f442A4147b87aF5e77a9ECC7ed744E,143,62320,missing
0x0661F731f7f442A4147b87aF5e77a9ECC7ed744E,144,62308,missing
0x0661F731f7f442A4147b87aF5e77a9ECC7ed744E,145,62308,missing
0x0661F731f7f442A4147b87aF5e77a9ECC7ed744E,146,62332,missing
0x0661F731f7f442A4147b87aF5e77a9ECC7ed744E,147,62320,missing
0x0661F731f7f442A4147b87aF5e77a9ECC7ed744E,148,62320,missing
0x0661F731f7f442A4147b87aF5e77a9ECC7ed744E,149,62320,missing
0x0661F731f7f442A4147b87aF5e77a9ECC7ed744E,150,62320,missing
0x0661F731f7f442A4147b87aF5e77a9ECC7ed744E,151,62308,missing
0x0661F731f7f442A4147b87aF5e77a9ECC7ed744E,152,62320,missing
0x0661F731f7f442A4147b87aF5e77a9ECC7ed744E,153,45196,missing
0x0661F731f7f442A4147b87aF5e77a9ECC7ed744E,154,62320,missing
0x0661F731f7f442A4147b87aF5e77a9ECC7ed744E,155,62308,missing
0x0661F731f7f442A4147b87aF5e77a9ECC7ed744E,156,62320,missing
0x0661F731f7f442A4147b87aF5e77a9ECC7ed744E,157,62308,missing
0x0661F731f7f442A4147b87aF5e77a9ECC7ed744E,158,62308,missing
0x0661F731f7f442A4147b87aF5e77a9ECC7ed744E,159,62296,missing
0x0661F731f7f442A4147b87aF5e77a9ECC7ed744E,160,62320,missing
0x0661F731f7f442A4147b87aF5e77a9ECC7ed744E,161,62320,missing
0x0661F731f7f442A4147b87aF5e77a9ECC7ed744E,162,45220,missing
0x0661F731f7f442A4147b87aF5e77a9ECC7ed744E,163,45220,missing
0x0661F731f7f442A4147b87aF5e77a9ECC7ed744E,164,62332,missing
0x0661F731f7f442A4147b87aF5e77a9ECC7ed744E,165,62308,missing
0x0661F731f7f442A4147b87aF5e77a9ECC7ed744E,166,62296,missing
0x0661F731f7f442A4147b87aF5e77a9ECC7ed744E,167,62320,missing
0x0661F731f7f442A4147b87aF5e77a9ECC7ed744E,168,62320,missing
0x0661F731f7f442A4147b87aF5e77a9ECC7ed744E,169,62308,missing
0x0661F731f7f442A4147b87aF5e77a9ECC7ed744E,170,62320,missing
0x0661F731f7f442A4147b87aF5e77a9ECC7ed744E,171,62332,missing
0x0661F731f7f442A4147b87aF5e77a9ECC7ed744E,172,62320,missing
0x0661F731f7f442A4147b87aF5e77a9ECC7ed744E,173,62320,missing
0x0661F731f7f442A4147b87aF5e77a9ECC7ed744E,174,62320,missing
0x0661F731f7f442A4147b87aF5e77a9ECC7ed744E,175,62320,missing
0x0661F731f7f442A4147b87aF5e77a9ECC7ed744E,176,45208,missing
0x0661F731f7f442A4147b87aF5e77a9ECC7ed744E,183,62332,missing
0x0661F731f7f442A4147b87aF5e77a9ECC7ed744E,185,31177,missing
0x0661F731f7f442A4147b87aF5e77a9ECC7ed744E,186,62320,missing
0x0661F731f7f442A4147b87aF5e77a9ECC7ed744E,187,62332,missing
0x0661F731f7f442A4147b87aF5e77a9ECC7ed744E,188,62320,missing
0x0661F731f7f442A4147b87aF5e77a9ECC7ed744E,189,62332,missing
0x0661F731f7f442A4147b87aF5e77a9ECC7ed744E,190,62332,missing
0x0661F731f7f442A4147b87aF5e77a9ECC7ed744E,191,62332,missing
0x0661F731f7f442A4147b87aF5e77a9ECC7ed744E,192,62320,missing
0x0661F731f7f442A4147b87aF5e77a9ECC7ed744E,193,56599,missing
0x0661F731f7f442A4147b87aF5e77a9ECC7ed744E,194,62308,missing
0x0661F731f7f442A4147b87aF5e77a9ECC7ed744E,195,62308,missing
0x0661F731f7f442A4147b87aF5e77a9ECC7ed744E,196,62320,missing
0x0661F731f7f442A4147b87aF5e77a9ECC7ed744E,197,62320,missing
0x0661F731f7f442A4147b87aF5e77a9ECC7ed744E,198,62320,missing
0x0661F731f7f442A4147b87aF5e77a9ECC7ed744E,199,62320,missing
0x0661F731f7f442A4147b87aF5e77a9ECC7ed744E,200,62320,missing
0x0661F731f7f442A4147b87aF5e77a9ECC7ed744E,201,62320,missing
0x0661F731f7f442A4147b87aF5e77a9ECC7ed744E,202,62320,missing
0x0661F731f7f442A4147b87aF5e77a9ECC7ed744E,203,62320,missing
0x0661F731f7f442A4147b87aF5e77a9ECC7ed744E,204,62320,missing
0x0661F731f7f442A4147b87aF5e77a9ECC7ed744E,205,62320,missing
0x0661F731f7f442A4147b87aF5e77a9ECC7ed744E,206,62320,missing
0x0661F731f7f442A4147b87aF5e77a9ECC7ed744E,207,62308,missing
0x0661F731f7f442A4147b87aF5e77a9ECC7ed744E,208,62320,missing
0x0661F731f7f442A4147b87aF5e77a9ECC7ed744E,209,62320,missing
0x0661F731f7f442A4147b87aF5e77a9ECC7ed744E,210,62308,missing
0x0661F731f7f442A4147b87aF5e77a9ECC7ed744E,211,62308,missing
0x0661F731f7f442A4147b87aF5e77a9ECC7ed744E,212,62320,missing
0x0661F731f7f442A4147b87aF5e77a9ECC7ed744E,213,56575,missing
0x0661F731f7f442A4147b87aF5e77a9ECC7ed744E,215,34699,missing
0x0661F731f7f442A4147b87aF5e77a9ECC7ed744E,216,56599,missing
0x0661F731f7f442A4147b87aF5e77a9ECC7ed744E,217,34699,missing
0x0661F731f7f442A4147b87aF5e77a9ECC7ed744E,218,56575,missing
0x0661F731f7f442A4147b87aF5e77a9ECC7ed744E,219,39499,missing
0x0661F731f7f442A4147b87aF5e77a9ECC7ed744E,220,34699,missing
0x0661F731f7f442A4147b87aF5e77a9ECC7ed744E,221,62260,missing
0x0661F731f7f442A4147b87aF5e77a9ECC7ed744E,222,45244,missing
0x0661F731f7f442A4147b87aF5e77a9ECC7ed744E,223,62332,missing
0x0661F731f7f442A4147b87aF5e77a9ECC7ed744E,224,62320,missing
0x0661F731f7f442A4147b87aF5e77a9ECC7ed744E,225,56599,missing
0x0661F731f7f442A4147b87aF5e77a9ECC7ed744E,226,56563,missing
0x0661F731f7f442A4147b87aF5e77a9ECC7ed744E,227,51787,missing
0x0661F731f7f442A4147b87aF5e77a9ECC7ed744E,228,34699,missing
0x0661F731f7f442A4147b87aF5e77a9ECC7ed744E,229,51811,missing
0x0661F731f7f442A4147b87aF5e77a9ECC7ed744E,231,56599,missing
0x0661F731f7f442A4147b87aF5e77a9ECC7ed744E,232,34699,missing
0x0661F731f7f442A4147b87aF5e77a9ECC7ed744E,count,223,0,-223
0xb7c5c5aa4d42967efe906e1b66cb8df9cebf04f7,2,23768,28153,4385
0xb7c5c5aa4d42967efe906e1b66cb8df9cebf04f7,count,1,1,0
0x52d2e0f9b01101a59b38a3d05c80b7618aeed984,1,26478,28661,2183
0x52d2e0f9b01101a59b38a3d05c80b7618aeed984,6,23686,28153,4467
0x52d2e0f9b01101a59b38a3d05c80b7618aeed984,7,26478,28661,2183
0x52d2e0f9b01101a59b38a3d05c80b7618aeed984,8,26466,missing
0x52d2e0f9b01101a59b38a3d05c80b7618aeed984,10,26478,28661,2183
0x52d2e0f9b01101a59b38a3d05c80b7618aeed984,12,45738,missing
0x52d2e0f9b01101a59b38a3d05c80b7618aeed984,13,45738,28661,-17077
0x52d2e0f9b01101a59b38a3d05c80b7618aeed984,14,47878,28661,-19217
0x52d2e0f9b01101a59b38a3d05c80b7618aeed984,15,50018,missing
0x52d2e0f9b01101a59b38a3d05c80b7618aeed984,16,43598,missing
0x52d2e0f9b01101a59b38a3d05c80b7618aeed984,17,50018,28661,-21357
0x52d2e0f9b01101a59b38a3d05c80b7618aeed984,18,45738,28661,-17077
0x52d2e0f9b01101a59b38a3d05c80b7618aeed984,20,67138,missing
0x52d2e0f9b01101a59b38a3d05c80b7618aeed984,count,13,14,1
0x52d2e0f9b01101a59b38a3d05c80b7618aeed984,2,missing,28521
0x52d2e0f9b01101a59b38a3d05c80b7618aeed984,3,missing,40061
0x52d2e0f9b01101a59b38a3d05c80b7618aeed984,4,missing,40061
0x52d2e0f9b01101a59b38a3d05c80b7618aeed984,5,missing,28521
0x52d2e0f9b01101a59b38a3d05c80b7618aeed984,9,missing,28521
0x52d2e0f9b01101a59b38a3d05c80b7618aeed984,21,missing,28521
0x39cfd754c85023648bf003bea2dd498c5612abfa,1,45599,28153,-17446
0x39cfd754c85023648bf003bea2dd498c5612abfa,2,45651,40453,-5198
0x39cfd754c85023648bf003bea2dd498c5612abfa,3,24964,28745,3781
0x39cfd754c85023648bf003bea2dd498c5612abfa,4,28499,28153,-346
0x39cfd754c85023648bf003bea2dd498c5612abfa,5,28499,28153,-346
0x39cfd754c85023648bf003bea2dd498c5612abfa,6,24484,29029,4545
0x39cfd754c85023648bf003bea2dd498c5612abfa,7,24544,29089,4545
0x39cfd754c85023648bf003bea2dd498c5612abfa,8,24544,29089,4545
0x39cfd754c85023648bf003bea2dd498c5612abfa,9,24544,29089,4545
0x39cfd754c85023648bf003bea2dd498c5612abfa,10,24544,29089,4545
0x39cfd754c85023648bf003bea2dd498c5612abfa,count,10,10,0
0xd5967fed03e85d1cce44cab284695b41bc675b5c,1,27028,30057,3029
0xd5967fed03e85d1cce44cab284695b41bc675b5c,2,27004,30033,3029
0xd5967fed03e85d1cce44cab284695b41bc675b5c,3,27028,30057,3029
0xd5967fed03e85d1cce44cab284695b41bc675b5c,4,27040,30069,3029
0xd5967fed03e85d1cce44cab284695b41bc675b5c,5,27028,30057,3029
0xd5967fed03e85d1cce44cab284695b41bc675b5c,count,5,5,0
0x3f2ef511aa6e75231e4deafc7a3d2ecab3741de2,1,21040,40061,19021
0x3f2ef511aa6e75231e4deafc7a3d2ecab3741de2,2,30531,28153,-2378
0x3f2ef511aa6e75231e4deafc7a3d2ecab3741de2,count,2,2,0
0xe09b1ab8111c2729a76f16de96bc86a7af837928,1,21040,40061,19021
0xe09b1ab8111c2729a76f16de96bc86a7af837928,3,21040,40061,19021
0xe09b1ab8111c2729a76f16de96bc86a7af837928,count,2,246,244
0xe09b1ab8111c2729a76f16de96bc86a7af837928,2,missing,42421
0xe09b1ab8111c2729a76f16de96bc86a7af837928,4,missing,42421
0xe09b1ab8111c2729a76f16de96bc86a7af837928,5,missing,42409
0xe09b1ab8111c2729a76f16de96bc86a7af837928,6,missing,28665
0xe09b1ab8111c2729a76f16de96bc86a7af837928,7,missing,28665
0xe09b1ab8111c2729a76f16de96bc86a7af837928,8,missing,28665
0xe09b1ab8111c2729a76f16de96bc86a7af837928,9,missing,59521
0xe09b1ab8111c2729a76f16de96bc86a7af837928,10,missing,28653
0xe09b1ab8111c2729a76f16de96bc86a7af837928,12,missing,28665
0xe09b1ab8111c2729a76f16de96bc86a7af837928,13,missing,42433
0xe09b1ab8111c2729a76f16de96bc86a7af837928,14,missing,28665
0xe09b1ab8111c2729a76f16de96bc86a7af837928,16,missing,28665
0xe09b1ab8111c2729a76f16de96bc86a7af837928,17,missing,42409
0xe09b1ab8111c2729a76f16de96bc86a7af837928,18,missing,28665
0xe09b1ab8111c2729a76f16de96bc86a7af837928,20,missing,28653
0xe09b1ab8111c2729a76f16de96bc86a7af837928,22,missing,28665
0xe09b1ab8111c2729a76f16de96bc86a7af837928,24,missing,28665
0xe09b1ab8111c2729a76f16de96bc86a7af837928,26,missing,28665
0xe09b1ab8111c2729a76f16de96bc86a7af837928,28,missing,28665
0xe09b1ab8111c2729a76f16de96bc86a7af837928,30,missing,28665
0xe09b1ab8111c2729a76f16de96bc86a7af837928,32,missing,28665
0xe09b1ab8111c2729a76f16de96bc86a7af837928,34,missing,28665
0xe09b1ab8111c2729a76f16de96bc86a7af837928,36,missing,28665
0xe09b1ab8111c2729a76f16de96bc86a7af837928,37,missing,42421
0xe09b1ab8111c2729a76f16de96bc86a7af837928,39,missing,28665
0xe09b1ab8111c2729a76f16de96bc86a7af837928,40,missing,42421
0xe09b1ab8111c2729a76f16de96bc86a7af837928,41,missing,28665
0xe09b1ab8111c2729a76f16de96bc86a7af837928,42,missing,42421
0xe09b1ab8111c2729a76f16de96bc86a7af837928,43,missing,28665
0xe09b1ab8111c2729a76f16de96bc86a7af837928,44,missing,28665
0xe09b1ab8111c2729a76f16de96bc86a7af837928,45,missing,42421
0xe09b1ab8111c2729a76f16de96bc86a7af837928,46,missing,28665
0xe09b1ab8111c2729a76f16de96bc86a7af837928,50,missing,42421
0xe09b1ab8111c2729a76f16de96bc86a7af837928,51,missing,28665
0xe09b1ab8111c2729a76f16de96bc86a7af837928,52,missing,42421
0xe09b1ab8111c2729a76f16de96bc86a7af837928,53,missing,28665
0xe09b1ab8111c2729a76f16de96bc86a7af837928,54,missing,28665
0xe09b1ab8111c2729a76f16de96bc86a7af837928,56,missing,28665
0xe09b1ab8111c2729a76f16de96bc86a7af837928,57,missing,42409
0xe09b1ab8111c2729a76f16de96bc86a7af837928,58,missing,28665
0xe09b1ab8111c2729a76f16de96bc86a7af837928,59,missing,42421
0xe09b1ab8111c2729a76f16de96bc86a7af837928,61,missing,28665
0xe09b1ab8111c2729a76f16de96bc86a7af837928,62,missing,28665
0xe09b1ab8111c2729a76f16de96bc86a7af837928,63,missing,42421
0xe09b1ab8111c2729a76f16de96bc86a7af837928,64,missing,28641
0xe09b1ab8111c2729a76f16de96bc86a7af837928,65,missing,28641
0xe09b1ab8111c2729a76f16de96bc86a7af837928,66,missing,42421
0xe09b1ab8111c2729a76f16de96bc86a7af837928,67,missing,28665
0xe09b1ab8111c2729a76f16de96bc86a7af837928,68,missing,42433
0xe09b1ab8111c2729a76f16de96bc86a7af837928,69,missing,28653
0xe09b1ab8111c2729a76f16de96bc86a7af837928,70,missing,42433
0xe09b1ab8111c2729a76f16de96bc86a7af837928,71,missing,28665
0xe09b1ab8111c2729a76f16de96bc86a7af837928,72,missing,42433
0xe09b1ab8111c2729a76f16de96bc86a7af837928,73,missing,28665
0xe09b1ab8111c2729a76f16de96bc86a7af837928,74,missing,42421
0xe09b1ab8111c2729a76f16de96bc86a7af837928,75,missing,28665
0xe09b1ab8111c2729a76f16de96bc86a7af837928,76,missing,42409
0xe09b1ab8111c2729a76f16de96bc86a7af837928,77,missing,28665
0xe09b1ab8111c2729a76f16de96bc86a7af837928,78,missing,42409
0xe09b1ab8111c2729a76f16de96bc86a7af837928,79,missing,28665
0xe09b1ab8111c2729a76f16de96bc86a7af837928,80,missing,42421
0xe09b1ab8111c2729a76f16de96bc86a7af837928,81,missing,28665
0xe09b1ab8111c2729a76f16de96bc86a7af837928,82,missing,42421
0xe09b1ab8111c2729a76f16de96bc86a7af837928,83,missing,28665
0xe09b1ab8111c2729a76f16de96bc86a7af837928,84,missing,42433
0xe09b1ab8111c2729a76f16de96bc86a7af837928,85,missing,28665
0xe09b1ab8111c2729a76f16de96bc86a7af837928,86,missing,42433
0xe09b1ab8111c2729a76f16de96bc86a7af837928,87,missing,28665
0xe09b1ab8111c2729a76f16de96bc86a7af837928,88,missing,42433
0xe09b1ab8111c2729a76f16de96bc86a7af837928,89,missing,28665
0xe09b1ab8111c2729a76f16de96bc86a7af837928,90,missing,28665
0xe09b1ab8111c2729a76f16de96bc86a7af837928,91,missing,42421
0xe09b1ab8111c2729a76f16de96bc86a7af837928,92,missing,42433
0xe09b1ab8111c2729a76f16de96bc86a7af837928,93,missing,42433
0xe09b1ab8111c2729a76f16de96bc86a7af837928,94,missing,28665
0xe09b1ab8111c2729a76f16de96bc86a7af837928,95,missing,28653
0xe09b1ab8111c2729a76f16de96bc86a7af837928,96,missing,42433
0xe09b1ab8111c2729a76f16de96bc86a7af837928,97,missing,28665
0xe09b1ab8111c2729a76f16de96bc86a7af837928,98,missing,42433
0xe09b1ab8111c2729a76f16de96bc86a7af837928,99,missing,28665
0xe09b1ab8111c2729a76f16de96bc86a7af837928,100,missing,42433
0xe09b1ab8111c2729a76f16de96bc86a7af837928,101,missing,28665
0xe09b1ab8111c2729a76f16de96bc86a7af837928,102,missing,42433
0xe09b1ab8111c2729a76f16de96bc86a7af837928,103,missing,28665
0xe09b1ab8111c2729a76f16de96bc86a7af837928,104,missing,42433
0xe09b1ab8111c2729a76f16de96bc86a7af837928,105,missing,28665
0xe09b1ab8111c2729a76f16de96bc86a7af837928,106,missing,42421
0xe09b1ab8111c2729a76f16de96bc86a7af837928,107,missing,28665
0xe09b1ab8111c2729a76f16de96bc86a7af837928,108,missing,42433
0xe09b1ab8111c2729a76f16de96bc86a7af837928,109,missing,42421
0xe09b1ab8111c2729a76f16de96bc86a7af837928,110,missing,28665
0xe09b1ab8111c2729a76f16de96bc86a7af837928,111,missing,28665
0xe09b1ab8111c2729a76f16de96bc86a7af837928,112,missing,42433
0xe09b1ab8111c2729a76f16de96bc86a7af837928,113,missing,28665
0xe09b1ab8111c2729a76f16de96bc86a7af837928,115,missing,28653
0xe09b1ab8111c2729a76f16de96bc86a7af837928,117,missing,42409
0xe09b1ab8111c2729a76f16de96bc86a7af837928,118,missing,28665
0xe09b1ab8111c2729a76f16de96bc86a7af837928,119,missing,42409
0xe09b1ab8111c2729a76f16de96bc86a7af837928,120,missing,28665
0xe09b1ab8111c2729a76f16de96bc86a7af837928,121,missing,42409
0xe09b1ab8111c2729a76f16de96bc86a7af837928,122,missing,28653
0xe09b1ab8111c2729a76f16de96bc86a7af837928,123,missing,42421
0xe09b1ab8111c2729a76f16de96bc86a7af837928,124,missing,42409
0xe09b1ab8111c2729a76f16de96bc86a7af837928,125,missing,28665
0xe09b1ab8111c2729a76f16de96bc86a7af837928,126,missing,28665
0xe09b1ab8111c2729a76f16de96bc86a7af837928,127,missing,42433
0xe09b1ab8111c2729a76f16de96bc86a7af837928,128,missing,28665
0xe09b1ab8111c2729a76f16de96bc86a7af837928,129,missing,42433
0xe09b1ab8111c2729a76f16de96bc86a7af837928,130,missing,28653
0xe09b1ab8111c2729a76f16de96bc86a7af837928,131,missing,42409
0xe09b1ab8111c2729a76f16de96bc86a7af837928,132,missing,28665
0xe09b1ab8111c2729a76f16de96bc86a7af837928,133,missing,42433
0xe09b1ab8111c2729a76f16de96bc86a7af837928,134,missing,28665
0xe09b1ab8111c2729a76f16de96bc86a7af837928,135,missing,42397
0xe09b1ab8111c2729a76f16de96bc86a7af837928,136,missing,28665
0xe09b1ab8111c2729a76f16de96bc86a7af837928,137,missing,28665
0xe09b1ab8111c2729a76f16de96bc86a7af837928,138,missing,28665
0xe09b1ab8111c2729a76f16de96bc86a7af837928,139,missing,28665
0xe09b1ab8111c2729a76f16de96bc86a7af837928,140,missing,28665
0xe09b1ab8111c2729a76f16de96bc86a7af837928,141,missing,28665
0xe09b1ab8111c2729a76f16de96bc86a7af837928,144,missing,28665
0xe09b1ab8111c2729a76f16de96bc86a7af837928,145,missing,28665
0xe09b1ab8111c2729a76f16de96bc86a7af837928,147,missing,28665
0xe09b1ab8111c2729a76f16de96bc86a7af837928,149,missing,28665
0xe09b1ab8111c2729a76f16de96bc86a7af837928,152,missing,28665
0xe09b1ab8111c2729a76f16de96bc86a7af837928,153,missing,28665
0xe09b1ab8111c2729a76f16de96bc86a7af837928,154,missing,28665
0xe09b1ab8111c2729a76f16de96bc86a7af837928,155,missing,28665
0xe09b1ab8111c2729a76f16de96bc86a7af837928,156,missing,28665
0xe09b1ab8111c2729a76f16de96bc86a7af837928,157,missing,28665
0xe09b1ab8111c2729a76f16de96bc86a7af837928,158,missing,28665
0xe09b1ab8111c2729a76f16de96bc86a7af837928,159,missing,28665
0xe09b1ab8111c2729a76f16de96bc86a7af837928,160,missing,28665
0xe09b1ab8111c2729a76f16de96bc86a7af837928,161,missing,28665
0xe09b1ab8111c2729a76f16de96bc86a7af837928,162,missing,42421
0xe09b1ab8111c2729a76f16de96bc86a7af837928,163,missing,28665
0xe09b1ab8111c2729a76f16de96bc86a7af837928,164,missing,59533
0xe09b1ab8111c2729a76f16de96bc86a7af837928,165,missing,28665
0xe09b1ab8111c2729a76f16de96bc86a7af837928,167,missing,28665
0xe09b1ab8111c2729a76f16de96bc86a7af837928,168,missing,28665
0xe09b1ab8111c2729a76f16de96bc86a7af837928,169,missing,28665
0xe09b1ab8111c2729a76f16de96bc86a7af837928,170,missing,28665
0xe09b1ab8111c2729a76f16de96bc86a7af837928,171,missing,28665
0xe09b1ab8111c2729a76f16de96bc86a7af837928,172,missing,28653
0xe09b1ab8111c2729a76f16de96bc86a7af837928,173,missing,28653
0xe09b1ab8111c2729a76f16de96bc86a7af837928,174,missing,28653
0xe09b1ab8111c2729a76f16de96bc86a7af837928,175,missing,28653
0xe09b1ab8111c2729a76f16de96bc86a7af837928,176,missing,28653
0xe09b1ab8111c2729a76f16de96bc86a7af837928,180,missing,28665
0xe09b1ab8111c2729a76f16de96bc86a7af837928,183,missing,42421
0xe09b1ab8111c2729a76f16de96bc86a7af837928,184,missing,28665
0xe09b1ab8111c2729a76f16de96bc86a7af837928,185,missing,42421
0xe09b1ab8111c2729a76f16de96bc86a7af837928,186,missing,28665
0xe09b1ab8111c2729a76f16de96bc86a7af837928,187,missing,42409
0xe09b1ab8111c2729a76f16de96bc86a7af837928,188,missing,28665
0xe09b1ab8111c2729a76f16de96bc86a7af837928,189,missing,42421
0xe09b1ab8111c2729a76f16de96bc86a7af837928,190,missing,28665
0xe09b1ab8111c2729a76f16de96bc86a7af837928,191,missing,42397
0xe09b1ab8111c2729a76f16de96bc86a7af837928,192,missing,28665
0xe09b1ab8111c2729a76f16de96bc86a7af837928,193,missing,42421
0xe09b1ab8111c2729a76f16de96bc86a7af837928,194,missing,28665
0xe09b1ab8111c2729a76f16de96bc86a7af837928,195,missing,42421
0xe09b1ab8111c2729a76f16de96bc86a7af837928,196,missing,28665
0xe09b1ab8111c2729a76f16de96bc86a7af837928,198,missing,28665
0xe09b1ab8111c2729a76f16de96bc86a7af837928,200,missing,42421
0xe09b1ab8111c2729a76f16de96bc86a7af837928,201,missing,28665
0xe09b1ab8111c2729a76f16de96bc86a7af837928,202,missing,42433
0xe09b1ab8111c2729a76f16de96bc86a7af837928,203,missing,28665
0xe09b1ab8111c2729a76f16de96bc86a7af837928,205,missing,28665
0xe09b1ab8111c2729a76f16de96bc86a7af837928,207,missing,28653
0xe09b1ab8111c2729a76f16de96bc86a7af837928,208,missing,42433
0xe09b1ab8111c2729a76f16de96bc86a7af837928,209,missing,28665
0xe09b1ab8111c2729a76f16de96bc86a7af837928,210,missing,42421
0xe09b1ab8111c2729a76f16de96bc86a7af837928,211,missing,28665
0xe09b1ab8111c2729a76f16de96bc86a7af837928,212,missing,42421
0xe09b1ab8111c2729a76f16de96bc86a7af837928,213,missing,28665
0xe09b1ab8111c2729a76f16de96bc86a7af837928,216,missing,28665
0xe09b1ab8111c2729a76f16de96bc86a7af837928,218,missing,28653
0xe09b1ab8111c2729a76f16de96bc86a7af837928,220,missing,28665
0xe09b1ab8111c2729a76f16de96bc86a7af837928,221,missing,42409
0xe09b1ab8111c2729a76f16de96bc86a7af837928,222,missing,28665
0xe09b1ab8111c2729a76f16de96bc86a7af837928,223,missing,42433
0xe09b1ab8111c2729a76f16de96bc86a7af837928,224,missing,28665
0xe09b1ab8111c2729a76f16de96bc86a7af837928,225,missing,42433
0xe09b1ab8111c2729a76f16de96bc86a7af837928,226,missing,28665
0xe09b1ab8111c2729a76f16de96bc86a7af837928,227,missing,42421
0xe09b1ab8111c2729a76f16de96bc86a7af837928,228,missing,28665
0xe09b1ab8111c2729a76f16de96bc86a7af837928,229,missing,42409
0xe09b1ab8111c2729a76f16de96bc86a7af837928,230,missing,28653
0xe09b1ab8111c2729a76f16de96bc86a7af837928,231,missing,42433
0xe09b1ab8111c2729a76f16de96bc86a7af837928,232,missing,28665
0xe09b1ab8111c2729a76f16de96bc86a7af837928,233,missing,42433
0xe09b1ab8111c2729a76f16de96bc86a7af837928,234,missing,28653
0xe09b1ab8111c2729a76f16de96bc86a7af837928,236,missing,28653
0xe09b1ab8111c2729a76f16de96bc86a7af837928,237,missing,42409
0xe09b1ab8111c2729a76f16de96bc86a7af837928,238,missing,28665
0xe09b1ab8111c2729a76f16de96bc86a7af837928,240,missing,28665
0xe09b1ab8111c2729a76f16de96bc86a7af837928,242,missing,28665
0xe09b1ab8111c2729a76f16de96bc86a7af837928,243,missing,42421
0xe09b1ab8111c2729a76f16de96bc86a7af837928,244,missing,28665
0xe09b1ab8111c2729a76f16de96bc86a7af837928,245,missing,42421
0xe09b1ab8111c2729a76f16de96bc86a7af837928,246,missing,28665
0xe09b1ab8111c2729a76f16de96bc86a7af837928,247,missing,28665
0xe09b1ab8111c2729a76f16de96bc86a7af837928,248,missing,28665
0xe09b1ab8111c2729a76f16de96bc86a7af837928,249,missing,42409
0xe09b1ab8111c2729a76f16de96bc86a7af837928,250,missing,28665
0xe09b1ab8111c2729a76f16de96bc86a7af837928,251,missing,28665
0xe09b1ab8111c2729a76f16de96bc86a7af837928,252,missing,28665
0xe09b1ab8111c2729a76f16de96bc86a7af837928,253,missing,42421
0xe09b1ab8111c2729a76f16de96bc86a7af837928,254,missing,28665
0xe09b1ab8111c2729a76f16de96bc86a7af837928,256,missing,28665
0xe09b1ab8111c2729a76f16de96bc86a7af837928,257,missing,28653
0xe09b1ab8111c2729a76f16de96bc86a7af837928,258,missing,28653
0xe09b1ab8111c2729a76f16de96bc86a7af837928,259,missing,28653
0xe09b1ab8111c2729a76f16de96bc86a7af837928,260,missing,28653
0xe09b1ab8111c2729a76f16de96bc86a7af837928,261,missing,28653
0xe09b1ab8111c2729a76f16de96bc86a7af837928,263,missing,28665
0xe09b1ab8111c2729a76f16de96bc86a7af837928,264,missing,42421
0xe09b1ab8111c2729a76f16de96bc86a7af837928,265,missing,42433
0xe09b1ab8111c2729a76f16de96bc86a7af837928,266,missing,28665
0xe09b1ab8111c2729a76f16de96bc86a7af837928,267,missing,42421
0xe09b1ab8111c2729a76f16de96bc86a7af837928,268,missing,42433
0xe09b1ab8111c2729a76f16de96bc86a7af837928,269,missing,28665
0xe09b1ab8111c2729a76f16de96bc86a7af837928,270,missing,42421
0xe09b1ab8111c2729a76f16de96bc86a7af837928,271,missing,28665
0xe09b1ab8111c2729a76f16de96bc86a7af837928,274,missing,28665
0xe09b1ab8111c2729a76f16de96bc86a7af837928,276,missing,28665
0xe09b1ab8111c2729a76f16de96bc86a7af837928,278,missing,28665
0xe09b1ab8111c2729a76f16de96bc86a7af837928,280,missing,28653
0xe09b1ab8111c2729a76f16de96bc86a7af837928,282,missing,28665
0xe09b1ab8111c2729a76f16de96bc86a7af837928,283,missing,59509
0xe09b1ab8111c2729a76f16de96bc86a7af837928,285,missing,28665
0xe09b1ab8111c2729a76f16de96bc86a7af837928,286,missing,28665
0xe09b1ab8111c2729a76f16de96bc86a7af837928,287,missing,28665
0xe09b1ab8111c2729a76f16de96bc86a7af837928,291,missing,28665
0xe09b1ab8111c2729a76f16de96bc86a7af837928,293,missing,42433
0xe09b1ab8111c2729a76f16de96bc86a7af837928,294,missing,28665
0xe09b1ab8111c2729a76f16de96bc86a7af837928,297,missing,28665
0xe09b1ab8111c2729a76f16de96bc86a7af837928,298,missing,28665
0xe09b1ab8111c2729a76f16de96bc86a7af837928,301,missing,28653
0xe09b1ab8111c2729a76f16de96bc86a7af837928,302,missing,59509
0xe09b1ab8111c2729a76f16de96bc86a7af837928,303,missing,28665
0xe09b1ab8111c2729a76f16de96bc86a7af837928,304,missing,28665
0xe09b1ab8111c2729a76f16de96bc86a7af837928,306,missing,42421
0x4051334adc52057aca763453820cb0e045076ef3,1,27076,missing
0x4051334adc52057aca763453820cb0e045076ef3,2,27088,missing
0x4051334adc52057aca763453820cb0e045076ef3,3,27088,missing
0x4051334adc52057aca763453820cb0e045076ef3,4,28644,missing
0x4051334adc52057aca763453820cb0e045076ef3,5,28644,missing
0x4051334adc52057aca763453820cb0e045076ef3,6,30996,missing
0x4051334adc52057aca763453820cb0e045076ef3,7,30996,missing
0x4051334adc52057aca763453820cb0e045076ef3,8,27872,missing
0x4051334adc52057aca763453820cb0e045076ef3,9,26304,missing
0x4051334adc52057aca763453820cb0e045076ef3,10,27088,missing
0x4051334adc52057aca763453820cb0e045076ef3,11,27088,missing
0x4051334adc52057aca763453820cb0e045076ef3,12,27088,missing
0x4051334adc52057aca763453820cb0e045076ef3,13,27088,missing
0x4051334adc52057aca763453820cb0e045076ef3,14,27872,missing
0x4051334adc52057aca763453820cb0e045076ef3,15,27088,missing
0x4051334adc52057aca763453820cb0e045076ef3,16,27088,missing
0x4051334adc52057aca763453820cb0e045076ef3,17,33360,missing
0x4051334adc52057aca763453820cb0e045076ef3,18,33360,missing
0x4051334adc52057aca763453820cb0e045076ef3,19,33360,missing
0x4051334adc52057aca763453820cb0e045076ef3,20,30224,missing
0x4051334adc52057aca763453820cb0e045076ef3,21,30224,missing
0x4051334adc52057aca763453820cb0e045076ef3,22,30224,missing
0x4051334adc52057aca763453820cb0e045076ef3,23,30224,missing
0x4051334adc52057aca763453820cb0e045076ef3,24,31792,missing
0x4051334adc52057aca763453820cb0e045076ef3,25,27848,missing
0x4051334adc52057aca763453820cb0e045076ef3,26,30224,missing
0x4051334adc52057aca763453820cb0e045076ef3,27,27088,missing
0x4051334adc52057aca763453820cb0e045076ef3,28,26304,missing
0x4051334adc52057aca763453820cb0e045076ef3,29,26304,missing
0x4051334adc52057aca763453820cb0e045076ef3,30,26304,missing
0x4051334adc52057aca763453820cb0e045076ef3,31,26304,missing
0x4051334adc52057aca763453820cb0e045076ef3,32,26316,missing
0x4051334adc52057aca763453820cb0e045076ef3,33,26304,missing
0x4051334adc52057aca763453820cb0e045076ef3,34,26304,missing
0x4051334adc52057aca763453820cb0e045076ef3,35,26304,missing
0x4051334adc52057aca763453820cb0e045076ef3,36,26316,missing
0x4051334adc52057aca763453820cb0e045076ef3,37,26304,missing
0x4051334adc52057aca763453820cb0e045076ef3,38,26304,missing
0x4051334adc52057aca763453820cb0e045076ef3,39,26304,missing
0x4051334adc52057aca763453820cb0e045076ef3,40,26304,missing
0x4051334adc52057aca763453820cb0e045076ef3,41,26304,missing
0x4051334adc52057aca763453820cb0e045076ef3,42,26304,missing
0x4051334adc52057aca763453820cb0e045076ef3,43,26304,missing
0x4051334adc52057aca763453820cb0e045076ef3,44,26304,missing
0x4051334adc52057aca763453820cb0e045076ef3,45,26304,missing
0x4051334adc52057aca763453820cb0e045076ef3,46,33360,missing
0x4051334adc52057aca763453820cb0e045076ef3,47,32540,missing
0x4051334adc52057aca763453820cb0e045076ef3,48,32540,missing
0x4051334adc52057aca763453820cb0e045076ef3,49,27088,missing
0x4051334adc52057aca763453820cb0e045076ef3,50,27872,missing
0x4051334adc52057aca763453820cb0e045076ef3,51,27088,missing
0x4051334adc52057aca763453820cb0e045076ef3,52,32540,missing
0x4051334adc52057aca763453820cb0e045076ef3,53,26316,missing
0x4051334adc52057aca763453820cb0e045076ef3,54,26304,missing
0x4051334adc52057aca763453820cb0e045076ef3,55,32576,missing
0x4051334adc52057aca763453820cb0e045076ef3,56,26304,missing
0x4051334adc52057aca763453820cb0e045076ef3,57,26304,missing
0x4051334adc52057aca763453820cb0e045076ef3,58,26304,missing
0x4051334adc52057aca763453820cb0e045076ef3,59,27088,missing
0x4051334adc52057aca763453820cb0e045076ef3,60,26304,missing
0x4051334adc52057aca763453820cb0e045076ef3,61,28656,missing
0x4051334adc52057aca763453820cb0e045076ef3,62,26304,missing
0x4051334adc52057aca763453820cb0e045076ef3,63,27088,missing
0x4051334adc52057aca763453820cb0e045076ef3,64,26304,missing
0x4051334adc52057aca763453820cb0e045076ef3,65,26304,missing
0x4051334adc52057aca763453820cb0e045076ef3,66,26304,missing
0x4051334adc52057aca763453820cb0e045076ef3,67,26292,missing
0x4051334adc52057aca763453820cb0e045076ef3,68,34144,missing
0x4051334adc52057aca763453820cb0e045076ef3,69,26316,missing
0x4051334adc52057aca763453820cb0e045076ef3,70,32564,missing
0x4051334adc52057aca763453820cb0e045076ef3,71,26304,missing
0x4051334adc52057aca763453820cb0e045076ef3,count,71,0,-71
0x96edbe868531bd23a6c05e9d0c424ea64fb1b78b,1,44002,28521,-15481
0x96edbe868531bd23a6c05e9d0c424ea64fb1b78b,2,45841,28353,-17488
0x96edbe868531bd23a6c05e9d0c424ea64fb1b78b,3,26358,28153,1795
0x96edbe868531bd23a6c05e9d0c424ea64fb1b78b,7,25842,28365,2523
0x96edbe868531bd23a6c05e9d0c424ea64fb1b78b,count,4,6,2
0x96edbe868531bd23a6c05e9d0c424ea64fb1b78b,4,missing,40061
0x96edbe868531bd23a6c05e9d0c424ea64fb1b78b,6,missing,40061
0x6FC9c554C2363805673F18b3A2b1912cCE8Bfb8a,1,51599,missing
0x6FC9c554C2363805673F18b3A2b1912cCE8Bfb8a,5,46097,missing
0x6FC9c554C2363805673F18b3A2b1912cCE8Bfb8a,180,46097,missing
0x6FC9c554C2363805673F18b3A2b1912cCE8Bfb8a,181,46097,missing
0x6FC9c554C2363805673F18b3A2b1912cCE8Bfb8a,182,46097,missing
0x6FC9c554C2363805673F18b3A2b1912cCE8Bfb8a,185,46097,missing
0x6FC9c554C2363805673F18b3A2b1912cCE8Bfb8a,186,46097,missing
0x6FC9c554C2363805673F18b3A2b1912cCE8Bfb8a,193,31811,28585,-3226
0x6FC9c554C2363805673F18b3A2b1912cCE8Bfb8a,200,103310,missing
0x6FC9c554C2363805673F18b3A2b1912cCE8Bfb8a,204,52010,missing
0x6FC9c554C2363805673F18b3A2b1912cCE8Bfb8a,244,46097,missing
0x6FC9c554C2363805673F18b3A2b1912cCE8Bfb8a,245,46097,missing
0x6FC9c554C2363805673F18b3A2b1912cCE8Bfb8a,246,46097,missing
0x6FC9c554C2363805673F18b3A2b1912cCE8Bfb8a,328,46097,missing
0x6FC9c554C2363805673F18b3A2b1912cCE8Bfb8a,329,46097,missing
0x6FC9c554C2363805673F18b3A2b1912cCE8Bfb8a,count,15,8,-7
0x6FC9c554C2363805673F18b3A2b1912cCE8Bfb8a,20,missing,27761
0x6FC9c554C2363805673F18b3A2b1912cCE8Bfb8a,58,missing,27761
0x6FC9c554C2363805673F18b3A2b1912cCE8Bfb8a,81,missing,27761
0x6FC9c554C2363805673F18b3A2b1912cCE8Bfb8a,101,missing,27761
0x6FC9c554C2363805673F18b3A2b1912cCE8Bfb8a,160,missing,27761
0x6FC9c554C2363805673F18b3A2b1912cCE8Bfb8a,312,missing,27761
0x6FC9c554C2363805673F18b3A2b1912cCE8Bfb8a,340,missing,27761
0x4Ea0Df261BA584572CDED3F2E35a0E63375Ac4f1,count,0,0,0
0x79a198b2355ca2aef695d8a4987582e093911ebb,count,0,0,0
0x19cf8481ea15427a98ba3cdd6d9e14690011ab10,1,36100,28305,-7795
0x19cf8481ea15427a98ba3cdd6d9e14690011ab10,count,1,1,0
0xE2E6D4BE086c6938B53B22144855eef674281639,1,68536,missing
0xE2E6D4BE086c6938B53B22144855eef674281639,2,51424,28745,-22679
0xE2E6D4BE086c6938B53B22144855eef674281639,3,51424,28745,-22679
0xE2E6D4BE086c6938B53B22144855eef674281639,4,51412,missing
0xE2E6D4BE086c6938B53B22144855eef674281639,5,51424,missing
0xE2E6D4BE086c6938B53B22144855eef674281639,6,51424,missing
0xE2E6D4BE086c6938B53B22144855eef674281639,7,51412,missing
0xE2E6D4BE086c6938B53B22144855eef674281639,8,51412,missing
0xE2E6D4BE086c6938B53B22144855eef674281639,9,51412,missing
0xE2E6D4BE086c6938B53B22144855eef674281639,10,51424,missing
0xE2E6D4BE086c6938B53B22144855eef674281639,11,51412,missing
0xE2E6D4BE086c6938B53B22144855eef674281639,12,51412,missing
0xE2E6D4BE086c6938B53B22144855eef674281639,13,51424,missing
0xE2E6D4BE086c6938B53B22144855eef674281639,14,51424,missing
0xE2E6D4BE086c6938B53B22144855eef674281639,15,51424,missing
0xE2E6D4BE086c6938B53B22144855eef674281639,16,51424,missing
0xE2E6D4BE086c6938B53B22144855eef674281639,17,51424,missing
0xE2E6D4BE086c6938B53B22144855eef674281639,18,51424,missing
0xE2E6D4BE086c6938B53B22144855eef674281639,19,51412,missing
0xE2E6D4BE086c6938B53B22144855eef674281639,20,51412,missing
0xE2E6D4BE086c6938B53B22144855eef674281639,21,51424,missing
0xE2E6D4BE086c6938B53B22144855eef674281639,22,51388,missing
0xE2E6D4BE086c6938B53B22144855eef674281639,23,51424,missing
0xE2E6D4BE086c6938B53B22144855eef674281639,24,51412,missing
0xE2E6D4BE086c6938B53B22144855eef674281639,25,51412,missing
0xE2E6D4BE086c6938B53B22144855eef674281639,26,51424,missing
0xE2E6D4BE086c6938B53B22144855eef674281639,27,51412,missing
0xE2E6D4BE086c6938B53B22144855eef674281639,28,51424,missing
0xE2E6D4BE086c6938B53B22144855eef674281639,29,51412,missing
0xE2E6D4BE086c6938B53B22144855eef674281639,30,51412,missing
0xE2E6D4BE086c6938B53B22144855eef674281639,31,51424,missing
0xE2E6D4BE086c6938B53B22144855eef674281639,32,51424,missing
0xE2E6D4BE086c6938B53B22144855eef674281639,33,51412,missing
0xE2E6D4BE086c6938B53B22144855eef674281639,34,51424,missing
0xE2E6D4BE086c6938B53B22144855eef674281639,35,51412,missing
0xE2E6D4BE086c6938B53B22144855eef674281639,36,51424,missing
0xE2E6D4BE086c6938B53B22144855eef674281639,37,34324,missing
0xE2E6D4BE086c6938B53B22144855eef674281639,38,34324,missing
0xE2E6D4BE086c6938B53B22144855eef674281639,39,51424,missing
0xE2E6D4BE086c6938B53B22144855eef674281639,40,51412,missing
0xE2E6D4BE086c6938B53B22144855eef674281639,41,51424,missing
0xE2E6D4BE086c6938B53B22144855eef674281639,42,51424,missing
0xE2E6D4BE086c6938B53B22144855eef674281639,43,51412,missing
0xE2E6D4BE086c6938B53B22144855eef674281639,44,51424,missing
0xE2E6D4BE086c6938B53B22144855eef674281639,45,51412,missing
0xE2E6D4BE086c6938B53B22144855eef674281639,46,51412,missing
0xE2E6D4BE086c6938B53B22144855eef674281639,47,51412,missing
0xE2E6D4BE086c6938B53B22144855eef674281639,48,51400,missing
0xE2E6D4BE086c6938B53B22144855eef674281639,49,51424,missing
0xE2E6D4BE086c6938B53B22144855eef674281639,50,51412,missing
0xE2E6D4BE086c6938B53B22144855eef674281639,51,51424,missing
0xE2E6D4BE086c6938B53B22144855eef674281639,52,51412,missing
0xE2E6D4BE086c6938B53B22144855eef674281639,53,51424,missing
0xE2E6D4BE086c6938B53B22144855eef674281639,54,51424,missing
0xE2E6D4BE086c6938B53B22144855eef674281639,55,51412,missing
0xE2E6D4BE086c6938B53B22144855eef674281639,56,51400,missing
0xE2E6D4BE086c6938B53B22144855eef674281639,57,51424,missing
0xE2E6D4BE086c6938B53B22144855eef674281639,58,34312,missing
0xE2E6D4BE086c6938B53B22144855eef674281639,59,34312,28733,-5579
0xE2E6D4BE086c6938B53B22144855eef674281639,60,51412,missing
0xE2E6D4BE086c6938B53B22144855eef674281639,61,51412,missing
0xE2E6D4BE086c6938B53B22144855eef674281639,62,51424,missing
0xE2E6D4BE086c6938B53B22144855eef674281639,63,51412,missing
0xE2E6D4BE086c6938B53B22144855eef674281639,64,51424,missing
0xE2E6D4BE086c6938B53B22144855eef674281639,65,51400,missing
0xE2E6D4BE086c6938B53B22144855eef674281639,66,51424,missing
0xE2E6D4BE086c6938B53B22144855eef674281639,67,51412,missing
0xE2E6D4BE086c6938B53B22144855eef674281639,68,51424,missing
0xE2E6D4BE086c6938B53B22144855eef674281639,69,51400,missing
0xE2E6D4BE086c6938B53B22144855eef674281639,70,51424,missing
0xE2E6D4BE086c6938B53B22144855eef674281639,71,51412,missing
0xE2E6D4BE086c6938B53B22144855eef674281639,72,51412,missing
0xE2E6D4BE086c6938B53B22144855eef674281639,73,51412,missing
0xE2E6D4BE086c6938B53B22144855eef674281639,74,51424,missing
0xE2E6D4BE086c6938B53B22144855eef674281639,75,51412,missing
0xE2E6D4BE086c6938B53B22144855eef674281639,76,51412,missing
0xE2E6D4BE086c6938B53B22144855eef674281639,77,34324,missing
0xE2E6D4BE086c6938B53B22144855eef674281639,78,51400,missing
0xE2E6D4BE086c6938B53B22144855eef674281639,79,51424,28745,-22679
0xE2E6D4BE086c6938B53B22144855eef674281639,80,51412,missing
0xE2E6D4BE086c6938B53B22144855eef674281639,81,51400,missing
0xE2E6D4BE086c6938B53B22144855eef674281639,82,51412,missing
0xE2E6D4BE086c6938B53B22144855eef674281639,83,51424,missing
0xE2E6D4BE086c6938B53B22144855eef674281639,84,51412,missing
0xE2E6D4BE086c6938B53B22144855eef674281639,85,51424,missing
0xE2E6D4BE086c6938B53B22144855eef674281639,86,51424,missing
0xE2E6D4BE086c6938B53B22144855eef674281639,87,51424,missing
0xE2E6D4BE086c6938B53B22144855eef674281639,88,51424,missing
0xE2E6D4BE086c6938B53B22144855eef674281639,89,51424,missing
0xE2E6D4BE086c6938B53B22144855eef674281639,90,51424,missing
0xE2E6D4BE086c6938B53B22144855eef674281639,91,51424,missing
0xE2E6D4BE086c6938B53B22144855eef674281639,92,51412,missing
0xE2E6D4BE086c6938B53B22144855eef674281639,93,51424,missing
0xE2E6D4BE086c6938B53B22144855eef674281639,94,51424,missing
0xE2E6D4BE086c6938B53B22144855eef674281639,95,51412,missing
0xE2E6D4BE086c6938B53B22144855eef674281639,96,51412,missing
0xE2E6D4BE086c6938B53B22144855eef674281639,97,51424,missing
0xE2E6D4BE086c6938B53B22144855eef674281639,98,51412,missing
0xE2E6D4BE086c6938B53B22144855eef674281639,99,34324,missing
0xE2E6D4BE086c6938B53B22144855eef674281639,100,51412,missing
0xE2E6D4BE086c6938B53B22144855eef674281639,101,51412,missing
0xE2E6D4BE086c6938B53B22144855eef674281639,102,51412,missing
0xE2E6D4BE086c6938B53B22144855eef674281639,103,51400,missing
0xE2E6D4BE086c6938B53B22144855eef674281639,104,51424,missing
0xE2E6D4BE086c6938B53B22144855eef674281639,105,51412,missing
0xE2E6D4BE086c6938B53B22144855eef674281639,106,51424,missing
0xE2E6D4BE086c6938B53B22144855eef674281639,107,51412,missing
0xE2E6D4BE086c6938B53B22144855eef674281639,108,51424,missing
0xE2E6D4BE086c6938B53B22144855eef674281639,109,34324,missing
0xE2E6D4BE086c6938B53B22144855eef674281639,110,51412,missing
0xE2E6D4BE086c6938B53B22144855eef674281639,111,51400,missing
0xE2E6D4BE086c6938B53B22144855eef674281639,112,51412,missing
0xE2E6D4BE086c6938B53B22144855eef674281639,113,51412,missing
0xE2E6D4BE086c6938B53B22144855eef674281639,114,51412,missing
0xE2E6D4BE086c6938B53B22144855eef674281639,115,51424,missing
0xE2E6D4BE086c6938B53B22144855eef674281639,116,51412,missing
0xE2E6D4BE086c6938B53B22144855eef674281639,117,34324,missing
0xE2E6D4BE086c6938B53B22144855eef674281639,118,51424,missing
0xE2E6D4BE086c6938B53B22144855eef674281639,119,51424,missing
0xE2E6D4BE086c6938B53B22144855eef674281639,120,34312,missing
0xE2E6D4BE086c6938B53B22144855eef674281639,121,51400,missing
0xE2E6D4BE086c6938B53B22144855eef674281639,122,51412,missing
0xE2E6D4BE086c6938B53B22144855eef674281639,123,51412,missing
0xE2E6D4BE086c6938B53B22144855eef674281639,124,51424,28745,-22679
0xE2E6D4BE086c6938B53B22144855eef674281639,125,51412,missing
0xE2E6D4BE086c6938B53B22144855eef674281639,126,51424,missing
0xE2E6D4BE086c6938B53B22144855eef674281639,127,51412,missing
0xE2E6D4BE086c6938B53B22144855eef674281639,128,51424,missing
0xE2E6D4BE086c6938B53B22144855eef674281639,129,51412,missing
0xE2E6D4BE086c6938B53B22144855eef674281639,130,51412,missing
0xE2E6D4BE086c6938B53B22144855eef674281639,131,51412,missing
0xE2E6D4BE086c6938B53B22144855eef674281639,132,51412,missing
0xE2E6D4BE086c6938B53B22144855eef674281639,133,51412,missing
0xE2E6D4BE086c6938B53B22144855eef674281639,134,51412,missing
0xE2E6D4BE086c6938B53B22144855eef674281639,135,51412,missing
0xE2E6D4BE086c6938B53B22144855eef674281639,136,51424,missing
0xE2E6D4BE086c6938B53B22144855eef674281639,137,51412,missing
0xE2E6D4BE086c6938B53B22144855eef674281639,138,51424,missing
0xE2E6D4BE086c6938B53B22144855eef674281639,139,51424,missing
0xE2E6D4BE086c6938B53B22144855eef674281639,140,51412,missing
0xE2E6D4BE086c6938B53B22144855eef674281639,141,51412,missing
0xE2E6D4BE086c6938B53B22144855eef674281639,142,51424,missing
0xE2E6D4BE086c6938B53B22144855eef674281639,143,51412,missing
0xE2E6D4BE086c6938B53B22144855eef674281639,144,51412,missing
0xE2E6D4BE086c6938B53B22144855eef674281639,145,51424,missing
0xE2E6D4BE086c6938B53B22144855eef674281639,146,51424,missing
0xE2E6D4BE086c6938B53B22144855eef674281639,147,51412,missing
0xE2E6D4BE086c6938B53B22144855eef674281639,148,51412,missing
0xE2E6D4BE086c6938B53B22144855eef674281639,149,51412,missing
0xE2E6D4BE086c6938B53B22144855eef674281639,150,51424,missing
0xE2E6D4BE086c6938B53B22144855eef674281639,151,51412,missing
0xE2E6D4BE086c6938B53B22144855eef674281639,152,51693,missing
0xE2E6D4BE086c6938B53B22144855eef674281639,153,51424,missing
0xE2E6D4BE086c6938B53B22144855eef674281639,154,51412,missing
0xE2E6D4BE086c6938B53B22144855eef674281639,155,51412,missing
0xE2E6D4BE086c6938B53B22144855eef674281639,156,51412,missing
0xE2E6D4BE086c6938B53B22144855eef674281639,157,51424,missing
0xE2E6D4BE086c6938B53B22144855eef674281639,158,51412,missing
0xE2E6D4BE086c6938B53B22144855eef674281639,159,51424,missing
0xE2E6D4BE086c6938B53B22144855eef674281639,160,51412,missing
0xE2E6D4BE086c6938B53B22144855eef674281639,161,51412,missing
0xE2E6D4BE086c6938B53B22144855eef674281639,162,51412,missing
0xE2E6D4BE086c6938B53B22144855eef674281639,163,51412,missing
0xE2E6D4BE086c6938B53B22144855eef674281639,164,51412,missing
0xE2E6D4BE086c6938B53B22144855eef674281639,165,51412,missing
0xE2E6D4BE086c6938B53B22144855eef674281639,166,51388,missing
0xE2E6D4BE086c6938B53B22144855eef674281639,167,51412,missing
0xE2E6D4BE086c6938B53B22144855eef674281639,168,51400,missing
0xE2E6D4BE086c6938B53B22144855eef674281639,169,51424,missing
0xE2E6D4BE086c6938B53B22144855eef674281639,170,51412,missing
0xE2E6D4BE086c6938B53B22144855eef674281639,171,51412,missing
0xE2E6D4BE086c6938B53B22144855eef674281639,172,51424,missing
0xE2E6D4BE086c6938B53B22144855eef674281639,173,51412,missing
0xE2E6D4BE086c6938B53B22144855eef674281639,174,51412,missing
0xE2E6D4BE086c6938B53B22144855eef674281639,175,51424,missing
0xE2E6D4BE086c6938B53B22144855eef674281639,176,51424,missing
0xE2E6D4BE086c6938B53B22144855eef674281639,177,51412,missing
0xE2E6D4BE086c6938B53B22144855eef674281639,178,51412,missing
0xE2E6D4BE086c6938B53B22144855eef674281639,179,51412,missing
0xE2E6D4BE086c6938B53B22144855eef674281639,180,51412,missing
0xE2E6D4BE086c6938B53B22144855eef674281639,181,51424,missing
0xE2E6D4BE086c6938B53B22144855eef674281639,182,51412,missing
0xE2E6D4BE086c6938B53B22144855eef674281639,183,34324,missing
0xE2E6D4BE086c6938B53B22144855eef674281639,184,51412,missing
0xE2E6D4BE086c6938B53B22144855eef674281639,185,51412,missing
0xE2E6D4BE086c6938B53B22144855eef674281639,186,51424,missing
0xE2E6D4BE086c6938B53B22144855eef674281639,187,51412,missing
0xE2E6D4BE086c6938B53B22144855eef674281639,188,51412,missing
0xE2E6D4BE086c6938B53B22144855eef674281639,189,51412,missing
0xE2E6D4BE086c6938B53B22144855eef674281639,190,51412,missing
0xE2E6D4BE086c6938B53B22144855eef674281639,191,51412,missing
0xE2E6D4BE086c6938B53B22144855eef674281639,192,51412,missing
0xE2E6D4BE086c6938B53B22144855eef674281639,193,51412,missing
0xE2E6D4BE086c6938B53B22144855eef674281639,194,51412,missing
0xE2E6D4BE086c6938B53B22144855eef674281639,195,51412,missing
0xE2E6D4BE086c6938B53B22144855eef674281639,196,51412,missing
0xE2E6D4BE086c6938B53B22144855eef674281639,197,51412,missing
0xE2E6D4BE086c6938B53B22144855eef674281639,198,51412,missing
0xE2E6D4BE086c6938B53B22144855eef674281639,199,51412,missing
0xE2E6D4BE086c6938B53B22144855eef674281639,200,51412,missing
0xE2E6D4BE086c6938B53B22144855eef674281639,201,51412,missing
0xE2E6D4BE086c6938B53B22144855eef674281639,202,51424,missing
0xE2E6D4BE086c6938B53B22144855eef674281639,203,51400,missing
0xE2E6D4BE086c6938B53B22144855eef674281639,204,51424,missing
0xE2E6D4BE086c6938B53B22144855eef674281639,205,34324,missing
0xE2E6D4BE086c6938B53B22144855eef674281639,206,51412,missing
0xE2E6D4BE086c6938B53B22144855eef674281639,207,51412,missing
0xE2E6D4BE086c6938B53B22144855eef674281639,208,51412,missing
0xE2E6D4BE086c6938B53B22144855eef674281639,209,51424,missing
0xE2E6D4BE086c6938B53B22144855eef674281639,210,51424,missing
0xE2E6D4BE086c6938B53B22144855eef674281639,211,51412,missing
0xE2E6D4BE086c6938B53B22144855eef674281639,212,51412,28733,-22679
0xE2E6D4BE086c6938B53B22144855eef674281639,213,51412,missing
0xE2E6D4BE086c6938B53B22144855eef674281639,214,51412,missing
0xE2E6D4BE086c6938B53B22144855eef674281639,215,51400,missing
0xE2E6D4BE086c6938B53B22144855eef674281639,216,51412,missing
0xE2E6D4BE086c6938B53B22144855eef674281639,217,51400,missing
0xE2E6D4BE086c6938B53B22144855eef674281639,218,51400,missing
0xE2E6D4BE086c6938B53B22144855eef674281639,219,51400,missing
0xE2E6D4BE086c6938B53B22144855eef674281639,220,51400,missing
0xE2E6D4BE086c6938B53B22144855eef674281639,221,51400,missing
0xE2E6D4BE086c6938B53B22144855eef674281639,222,51400,missing
0xE2E6D4BE086c6938B53B22144855eef674281639,223,51400,missing
0xE2E6D4BE086c6938B53B22144855eef674281639,224,51400,missing
0xE2E6D4BE086c6938B53B22144855eef674281639,225,34300,missing
0xE2E6D4BE086c6938B53B22144855eef674281639,226,51400,missing
0xE2E6D4BE086c6938B53B22144855eef674281639,227,51400,missing
0xE2E6D4BE086c6938B53B22144855eef674281639,228,51400,missing
0xE2E6D4BE086c6938B53B22144855eef674281639,229,51400,missing
0xE2E6D4BE086c6938B53B22144855eef674281639,230,51412,missing
0xE2E6D4BE086c6938B53B22144855eef674281639,231,51400,missing
0xE2E6D4BE086c6938B53B22144855eef674281639,232,51412,missing
0xE2E6D4BE086c6938B53B22144855eef674281639,233,51388,missing
0xE2E6D4BE086c6938B53B22144855eef674281639,234,51412,28733,-22679
0xE2E6D4BE086c6938B53B22144855eef674281639,235,51400,missing
0xE2E6D4BE086c6938B53B22144855eef674281639,236,51412,28733,-22679
0xE2E6D4BE086c6938B53B22144855eef674281639,237,51400,missing
0xE2E6D4BE086c6938B53B22144855eef674281639,238,51400,missing
0xE2E6D4BE086c6938B53B22144855eef674281639,239,51412,missing
0xE2E6D4BE086c6938B53B22144855eef674281639,240,34312,missing
0xE2E6D4BE086c6938B53B22144855eef674281639,241,51400,missing
0xE2E6D4BE086c6938B53B22144855eef674281639,242,51412,missing
0xE2E6D4BE086c6938B53B22144855eef674281639,243,51400,missing
0xE2E6D4BE086c6938B53B22144855eef674281639,244,51400,missing
0xE2E6D4BE086c6938B53B22144855eef674281639,245,51412,missing
0xE2E6D4BE086c6938B53B22144855eef674281639,246,51400,missing
0xE2E6D4BE086c6938B53B22144855eef674281639,247,34300,missing
0xE2E6D4BE086c6938B53B22144855eef674281639,248,51400,missing
0xE2E6D4BE086c6938B53B22144855eef674281639,249,51400,missing
0xE2E6D4BE086c6938B53B22144855eef674281639,250,51412,missing
0xE2E6D4BE086c6938B53B22144855eef674281639,251,51400,missing
0xE2E6D4BE086c6938B53B22144855eef674281639,252,51400,missing
0xE2E6D4BE086c6938B53B22144855eef674281639,253,51412,missing
0xE2E6D4BE086c6938B53B22144855eef674281639,254,51400,missing
0xE2E6D4BE086c6938B53B22144855eef674281639,255,51400,missing
0xE2E6D4BE086c6938B53B22144855eef674281639,256,51400,missing
0xE2E6D4BE086c6938B53B22144855eef674281639,257,51400,missing
0xE2E6D4BE086c6938B53B22144855eef674281639,258,51400,missing
0xE2E6D4BE086c6938B53B22144855eef674281639,259,51400,missing
0xE2E6D4BE086c6938B53B22144855eef674281639,260,51400,missing
0xE2E6D4BE086c6938B53B22144855eef674281639,261,51412,missing
0xE2E6D4BE086c6938B53B22144855eef674281639,262,51400,missing
0xE2E6D4BE086c6938B53B22144855eef674281639,263,51412,missing
0xE2E6D4BE086c6938B53B22144855eef674281639,264,51400,missing
0xE2E6D4BE086c6938B53B22144855eef674281639,265,51412,missing
0xE2E6D4BE086c6938B53B22144855eef674281639,266,51400,missing
0xE2E6D4BE086c6938B53B22144855eef674281639,267,51412,missing
0xE2E6D4BE086c6938B53B22144855eef674281639,268,51412,missing
0xE2E6D4BE086c6938B53B22144855eef674281639,269,51412,missing
0xE2E6D4BE086c6938B53B22144855eef674281639,270,51400,missing
0xE2E6D4BE086c6938B53B22144855eef674281639,271,51388,missing
0xE2E6D4BE086c6938B53B22144855eef674281639,272,51400,missing
0xE2E6D4BE086c6938B53B22144855eef674281639,273,51400,missing
0xE2E6D4BE086c6938B53B22144855eef674281639,274,34312,missing
0xE2E6D4BE086c6938B53B22144855eef674281639,275,51388,missing
0xE2E6D4BE086c6938B53B22144855eef674281639,276,51400,missing
0xE2E6D4BE086c6938B53B22144855eef674281639,277,34300,missing
0xE2E6D4BE086c6938B53B22144855eef674281639,278,34300,missing
0xE2E6D4BE086c6938B53B22144855eef674281639,279,51400,missing
0xE2E6D4BE086c6938B53B22144855eef674281639,280,51412,missing
0xE2E6D4BE086c6938B53B22144855eef674281639,281,51400,missing
0xE2E6D4BE086c6938B53B22144855eef674281639,282,51412,missing
0xE2E6D4BE086c6938B53B22144855eef674281639,283,51412,missing
0xE2E6D4BE086c6938B53B22144855eef674281639,284,51412,missing
0xE2E6D4BE086c6938B53B22144855eef674281639,285,51388,missing
0xE2E6D4BE086c6938B53B22144855eef674281639,286,51412,missing
0xE2E6D4BE086c6938B53B22144855eef674281639,287,34300,missing
0xE2E6D4BE086c6938B53B22144855eef674281639,288,51400,missing
0xE2E6D4BE086c6938B53B22144855eef674281639,289,51400,missing
0xE2E6D4BE086c6938B53B22144855eef674281639,290,51400,missing
0xE2E6D4BE086c6938B53B22144855eef674281639,291,51400,missing
0xE2E6D4BE086c6938B53B22144855eef674281639,292,34300,missing
0xE2E6D4BE086c6938B53B22144855eef674281639,293,51400,missing
0xE2E6D4BE086c6938B53B22144855eef674281639,294,51400,28721,-22679
0xE2E6D4BE086c6938B53B22144855eef674281639,295,51400,missing
0xE2E6D4BE086c6938B53B22144855eef674281639,296,51400,missing
0xE2E6D4BE086c6938B53B22144855eef674281639,297,51400,missing
0xE2E6D4BE086c6938B53B22144855eef674281639,298,51400,missing
0xE2E6D4BE086c6938B53B22144855eef674281639,299,34312,missing
0xE2E6D4BE086c6938B53B22144855eef674281639,300,51412,missing
0xE2E6D4BE086c6938B53B22144855eef674281639,301,51400,missing
0xE2E6D4BE086c6938B53B22144855eef674281639,count,301,9,-292
0x4b319cE02BdC8977Fb39fa70C49258a1a7C27d9B,count,0,0,0
0x30DdA19C0b94a88eD8784868Ec1e9375d9F0E27c,143,26698,missing
0x30DdA19C0b94a88eD8784868Ec1e9375d9F0E27c,148,48391,missing
0x30DdA19C0b94a88eD8784868Ec1e9375d9F0E27c,170,48415,missing
0x30DdA19C0b94a88eD8784868Ec1e9375d9F0E27c,175,48391,missing
0x30DdA19C0b94a88eD8784868Ec1e9375d9F0E27c,207,28515,missing
0x30DdA19C0b94a88eD8784868Ec1e9375d9F0E27c,208,28515,missing
0x30DdA19C0b94a88eD8784868Ec1e9375d9F0E27c,209,31231,missing
0x30DdA19C0b94a88eD8784868Ec1e9375d9F0E27c,218,48391,missing
0x30DdA19C0b94a88eD8784868Ec1e9375d9F0E27c,236,48403,missing
0x30DdA19C0b94a88eD8784868Ec1e9375d9F0E27c,259,48391,missing
0x30DdA19C0b94a88eD8784868Ec1e9375d9F0E27c,count,10,0,-10
0xe07e687dc4b244d574f37490948c7f4aa921d958,count,0,0,0
0x3501ECfa3f8b188915C72f36A93566585ba99336,count,0,0,0
0x0a630de26e5B41eaef08741e74da4018A6C2E14c,1,49445,missing
0x0a630de26e5B41eaef08741e74da4018A6C2E14c,79,94296,missing
0x0a630de26e5B41eaef08741e74da4018A6C2E14c,80,77196,missing
0x0a630de26e5B41eaef08741e74da4018A6C2E14c,81,77196,missing
0x0a630de26e5B41eaef08741e74da4018A6C2E14c,82,77196,missing
0x0a630de26e5B41eaef08741e74da4018A6C2E14c,83,77196,missing
0x0a630de26e5B41eaef08741e74da4018A6C2E14c,84,77196,missing
0x0a630de26e5B41eaef08741e74da4018A6C2E14c,87,77196,missing
0x0a630de26e5B41eaef08741e74da4018A6C2E14c,88,77196,missing
0x0a630de26e5B41eaef08741e74da4018A6C2E14c,89,77196,missing
0x0a630de26e5B41eaef08741e74da4018A6C2E14c,90,77196,missing
0x0a630de26e5B41eaef08741e74da4018A6C2E14c,91,77196,missing
0x0a630de26e5B41eaef08741e74da4018A6C2E14c,92,77196,missing
0x0a630de26e5B41eaef08741e74da4018A6C2E14c,96,77196,missing
0x0a630de26e5B41eaef08741e74da4018A6C2E14c,97,77196,missing
0x0a630de26e5B41eaef08741e74da4018A6C2E14c,98,77196,missing
0x0a630de26e5B41eaef08741e74da4018A6C2E14c,99,77196,missing
0x0a630de26e5B41eaef08741e74da4018A6C2E14c,100,77196,missing
0x0a630de26e5B41eaef08741e74da4018A6C2E14c,101,77196,missing
0x0a630de26e5B41eaef08741e74da4018A6C2E14c,102,77196,missing
0x0a630de26e5B41eaef08741e74da4018A6C2E14c,103,77196,missing
0x0a630de26e5B41eaef08741e74da4018A6C2E14c,104,77196,missing
0x0a630de26e5B41eaef08741e74da4018A6C2E14c,108,77196,missing
0x0a630de26e5B41eaef08741e74da4018A6C2E14c,109,77196,missing
0x0a630de26e5B41eaef08741e74da4018A6C2E14c,111,77196,missing
0x0a630de26e5B41eaef08741e74da4018A6C2E14c,112,77196,missing
0x0a630de26e5B41eaef08741e74da4018A6C2E14c,113,77196,missing
0x0a630de26e5B41eaef08741e74da4018A6C2E14c,114,77196,missing
0x0a630de26e5B41eaef08741e74da4018A6C2E14c,115,77196,missing
0x0a630de26e5B41eaef08741e74da4018A6C2E14c,116,77196,missing
0x0a630de26e5B41eaef08741e74da4018A6C2E14c,117,77196,missing
0x0a630de26e5B41eaef08741e74da4018A6C2E14c,118,77196,missing
0x0a630de26e5B41eaef08741e74da4018A6C2E14c,119,77196,missing
0x0a630de26e5B41eaef08741e74da4018A6C2E14c,121,77196,missing
0x0a630de26e5B41eaef08741e74da4018A6C2E14c,122,77196,missing
0x0a630de26e5B41eaef08741e74da4018A6C2E14c,123,77196,missing
0x0a630de26e5B41eaef08741e74da4018A6C2E14c,124,77196,missing
0x0a630de26e5B41eaef08741e74da4018A6C2E14c,125,77196,missing
0x0a630de26e5B41eaef08741e74da4018A6C2E14c,126,77196,missing
0x0a630de26e5B41eaef08741e74da4018A6C2E14c,127,77196,missing
0x0a630de26e5B41eaef08741e74da4018A6C2E14c,128,77196,missing
0x0a630de26e5B41eaef08741e74da4018A6C2E14c,129,77196,missing
0x0a630de26e5B41eaef08741e74da4018A6C2E14c,130,77196,missing
0x0a630de26e5B41eaef08741e74da4018A6C2E14c,132,77196,missing
0x0a630de26e5B41eaef08741e74da4018A6C2E14c,133,77196,missing
0x0a630de26e5B41eaef08741e74da4018A6C2E14c,134,77196,missing
0x0a630de26e5B41eaef08741e74da4018A6C2E14c,135,77196,missing
0x0a630de26e5B41eaef08741e74da4018A6C2E14c,138,77196,missing
0x0a630de26e5B41eaef08741e74da4018A6C2E14c,139,77196,missing
0x0a630de26e5B41eaef08741e74da4018A6C2E14c,140,77196,missing
0x0a630de26e5B41eaef08741e74da4018A6C2E14c,141,77196,missing
0x0a630de26e5B41eaef08741e74da4018A6C2E14c,142,77196,missing
0x0a630de26e5B41eaef08741e74da4018A6C2E14c,143,77196,missing
0x0a630de26e5B41eaef08741e74da4018A6C2E14c,144,77196,missing
0x0a630de26e5B41eaef08741e74da4018A6C2E14c,146,77196,missing
0x0a630de26e5B41eaef08741e74da4018A6C2E14c,147,77196,missing
0x0a630de26e5B41eaef08741e74da4018A6C2E14c,149,77196,missing
0x0a630de26e5B41eaef08741e74da4018A6C2E14c,150,77196,missing
0x0a630de26e5B41eaef08741e74da4018A6C2E14c,151,77196,missing
0x0a630de26e5B41eaef08741e74da4018A6C2E14c,152,77196,missing
0x0a630de26e5B41eaef08741e74da4018A6C2E14c,153,77196,missing
0x0a630de26e5B41eaef08741e74da4018A6C2E14c,154,77196,missing
0x0a630de26e5B41eaef08741e74da4018A6C2E14c,155,77196,missing
0x0a630de26e5B41eaef08741e74da4018A6C2E14c,156,77196,missing
0x0a630de26e5B41eaef08741e74da4018A6C2E14c,157,77196,missing
0x0a630de26e5B41eaef08741e74da4018A6C2E14c,159,77196,missing
0x0a630de26e5B41eaef08741e74da4018A6C2E14c,160,77196,missing
0x0a630de26e5B41eaef08741e74da4018A6C2E14c,161,77196,missing
0x0a630de26e5B41eaef08741e74da4018A6C2E14c,162,77196,missing
0x0a630de26e5B41eaef08741e74da4018A6C2E14c,163,77196,missing
0x0a630de26e5B41eaef08741e74da4018A6C2E14c,164,77196,missing
0x0a630de26e5B41eaef08741e74da4018A6C2E14c,165,77196,missing
0x0a630de26e5B41eaef08741e74da4018A6C2E14c,166,77196,missing
0x0a630de26e5B41eaef08741e74da4018A6C2E14c,168,77196,missing
0x0a630de26e5B41eaef08741e74da4018A6C2E14c,169,77196,missing
0x0a630de26e5B41eaef08741e74da4018A6C2E14c,170,77196,missing
0x0a630de26e5B41eaef08741e74da4018A6C2E14c,171,77196,missing
0x0a630de26e5B41eaef08741e74da4018A6C2E14c,172,77196,missing
0x0a630de26e5B41eaef08741e74da4018A6C2E14c,173,77196,missing
0x0a630de26e5B41eaef08741e74da4018A6C2E14c,174,77196,missing
0x0a630de26e5B41eaef08741e74da4018A6C2E14c,178,77196,missing
0x0a630de26e5B41eaef08741e74da4018A6C2E14c,179,77196,missing
0x0a630de26e5B41eaef08741e74da4018A6C2E14c,180,77196,missing
0x0a630de26e5B41eaef08741e74da4018A6C2E14c,181,77196,missing
0x0a630de26e5B41eaef08741e74da4018A6C2E14c,182,77196,missing
0x0a630de26e5B41eaef08741e74da4018A6C2E14c,183,77196,missing
0x0a630de26e5B41eaef08741e74da4018A6C2E14c,184,77196,missing
0x0a630de26e5B41eaef08741e74da4018A6C2E14c,185,77196,missing
0x0a630de26e5B41eaef08741e74da4018A6C2E14c,186,77196,missing
0x0a630de26e5B41eaef08741e74da4018A6C2E14c,187,77196,missing
0x0a630de26e5B41eaef08741e74da4018A6C2E14c,189,77196,missing
0x0a630de26e5B41eaef08741e74da4018A6C2E14c,190,77196,missing
0x0a630de26e5B41eaef08741e74da4018A6C2E14c,191,77196,missing
0x0a630de26e5B41eaef08741e74da4018A6C2E14c,193,77196,missing
0x0a630de26e5B41eaef08741e74da4018A6C2E14c,194,77196,missing
0x0a630de26e5B41eaef08741e74da4018A6C2E14c,195,77196,missing
0x0a630de26e5B41eaef08741e74da4018A6C2E14c,196,77196,missing
0x0a630de26e5B41eaef08741e74da4018A6C2E14c,197,77196,missing
0x0a630de26e5B41eaef08741e74da4018A6C2E14c,198,77196,missing
0x0a630de26e5B41eaef08741e74da4018A6C2E14c,199,77196,missing
0x0a630de26e5B41eaef08741e74da4018A6C2E14c,200,77196,missing
0x0a630de26e5B41eaef08741e74da4018A6C2E14c,201,77196,missing
0x0a630de26e5B41eaef08741e74da4018A6C2E14c,202,77196,missing
0x0a630de26e5B41eaef08741e74da4018A6C2E14c,203,77196,missing
0x0a630de26e5B41eaef08741e74da4018A6C2E14c,204,77196,missing
0x0a630de26e5B41eaef08741e74da4018A6C2E14c,205,77196,missing
0x0a630de26e5B41eaef08741e74da4018A6C2E14c,206,77196,missing
0x0a630de26e5B41eaef08741e74da4018A6C2E14c,207,77196,missing
0x0a630de26e5B41eaef08741e74da4018A6C2E14c,208,77196,missing
0x0a630de26e5B41eaef08741e74da4018A6C2E14c,209,77196,missing
0x0a630de26e5B41eaef08741e74da4018A6C2E14c,210,77196,missing
0x0a630de26e5B41eaef08741e74da4018A6C2E14c,211,77196,missing
0x0a630de26e5B41eaef08741e74da4018A6C2E14c,212,77196,missing
0x0a630de26e5B41eaef08741e74da4018A6C2E14c,213,77196,missing
0x0a630de26e5B41eaef08741e74da4018A6C2E14c,214,77196,missing
0x0a630de26e5B41eaef08741e74da4018A6C2E14c,216,77196,missing
0x0a630de26e5B41eaef08741e74da4018A6C2E14c,217,77196,missing
0x0a630de26e5B41eaef08741e74da4018A6C2E14c,218,77196,missing
0x0a630de26e5B41eaef08741e74da4018A6C2E14c,219,77196,missing
0x0a630de26e5B41eaef08741e74da4018A6C2E14c,220,77196,missing
0x0a630de26e5B41eaef08741e74da4018A6C2E14c,221,77196,missing
0x0a630de26e5B41eaef08741e74da4018A6C2E14c,222,77196,missing
0x0a630de26e5B41eaef08741e74da4018A6C2E14c,223,77196,missing
0x0a630de26e5B41eaef08741e74da4018A6C2E14c,224,77196,missing
0x0a630de26e5B41eaef08741e74da4018A6C2E14c,225,77196,missing
0x0a630de26e5B41eaef08741e74da4018A6C2E14c,226,77196,missing
0x0a630de26e5B41eaef08741e74da4018A6C2E14c,227,77196,missing
0x0a630de26e5B41eaef08741e74da4018A6C2E14c,228,77196,missing
0x0a630de26e5B41eaef08741e74da4018A6C2E14c,229,77196,missing
0x0a630de26e5B41eaef08741e74da4018A6C2E14c,230,77196,missing
0x0a630de26e5B41eaef08741e74da4018A6C2E14c,233,77196,missing
0x0a630de26e5B41eaef08741e74da4018A6C2E14c,234,77196,missing
0x0a630de26e5B41eaef08741e74da4018A6C2E14c,235,77196,missing
0x0a630de26e5B41eaef08741e74da4018A6C2E14c,236,77196,missing
0x0a630de26e5B41eaef08741e74da4018A6C2E14c,237,77196,missing
0x0a630de26e5B41eaef08741e74da4018A6C2E14c,238,77196,missing
0x0a630de26e5B41eaef08741e74da4018A6C2E14c,239,77196,missing
0x0a630de26e5B41eaef08741e74da4018A6C2E14c,240,77196,missing
0x0a630de26e5B41eaef08741e74da4018A6C2E14c,241,77196,missing
0x0a630de26e5B41eaef08741e74da4018A6C2E14c,243,77196,missing
0x0a630de26e5B41eaef08741e74da4018A6C2E14c,247,77196,missing
0x0a630de26e5B41eaef08741e74da4018A6C2E14c,248,77196,missing
0x0a630de26e5B41eaef08741e74da4018A6C2E14c,249,77196,missing
0x0a630de26e5B41eaef08741e74da4018A6C2E14c,250,77196,missing
0x0a630de26e5B41eaef08741e74da4018A6C2E14c,251,77196,missing
0x0a630de26e5B41eaef08741e74da4018A6C2E14c,252,77196,missing
0x0a630de26e5B41eaef08741e74da4018A6C2E14c,253,77196,missing
0x0a630de26e5B41eaef08741e74da4018A6C2E14c,255,77196,missing
0x0a630de26e5B41eaef08741e74da4018A6C2E14c,256,77196,missing
0x0a630de26e5B41eaef08741e74da4018A6C2E14c,257,77196,missing
0x0a630de26e5B41eaef08741e74da4018A6C2E14c,258,77196,missing
0x0a630de26e5B41eaef08741e74da4018A6C2E14c,259,77196,missing
0x0a630de26e5B41eaef08741e74da4018A6C2E14c,260,77196,missing
0x0a630de26e5B41eaef08741e74da4018A6C2E14c,261,77196,missing
0x0a630de26e5B41eaef08741e74da4018A6C2E14c,262,77196,missing
0x0a630de26e5B41eaef08741e74da4018A6C2E14c,263,77196,missing
0x0a630de26e5B41eaef08741e74da4018A6C2E14c,264,77196,missing
0x0a630de26e5B41eaef08741e74da4018A6C2E14c,265,77196,missing
0x0a630de26e5B41eaef08741e74da4018A6C2E14c,266,77196,missing
0x0a630de26e5B41eaef08741e74da4018A6C2E14c,267,77196,missing
0x0a630de26e5B41eaef08741e74da4018A6C2E14c,268,77196,missing
0x0a630de26e5B41eaef08741e74da4018A6C2E14c,269,77196,missing
0x0a630de26e5B41eaef08741e74da4018A6C2E14c,270,77196,missing
0x0a630de26e5B41eaef08741e74da4018A6C2E14c,271,77196,missing
0x0a630de26e5B41eaef08741e74da4018A6C2E14c,272,77196,missing
0x0a630de26e5B41eaef08741e74da4018A6C2E14c,273,77196,missing
0x0a630de26e5B41eaef08741e74da4018A6C2E14c,274,77196,missing
0x0a630de26e5B41eaef08741e74da4018A6C2E14c,275,77196,missing
0x0a630de26e5B41eaef08741e74da4018A6C2E14c,276,77196,missing
0x0a630de26e5B41eaef08741e74da4018A6C2E14c,277,77196,missing
0x0a630de26e5B41eaef08741e74da4018A6C2E14c,278,77196,missing
0x0a630de26e5B41eaef08741e74da4018A6C2E14c,279,77196,missing
0x0a630de26e5B41eaef08741e74da4018A6C2E14c,282,77196,missing
0x0a630de26e5B41eaef08741e74da4018A6C2E14c,283,77196,missing
0x0a630de26e5B41eaef08741e74da4018A6C2E14c,284,77196,missing
0x0a630de26e5B41eaef08741e74da4018A6C2E14c,286,77196,missing
0x0a630de26e5B41eaef08741e74da4018A6C2E14c,287,77196,missing
0x0a630de26e5B41eaef08741e74da4018A6C2E14c,288,77196,missing
0x0a630de26e5B41eaef08741e74da4018A6C2E14c,289,77196,missing
0x0a630de26e5B41eaef08741e74da4018A6C2E14c,290,77196,missing
0x0a630de26e5B41eaef08741e74da4018A6C2E14c,291,77196,missing
0x0a630de26e5B41eaef08741e74da4018A6C2E14c,292,77196,missing
0x0a630de26e5B41eaef08741e74da4018A6C2E14c,293,77196,missing
0x0a630de26e5B41eaef08741e74da4018A6C2E14c,294,77196,missing
0x0a630de26e5B41eaef08741e74da4018A6C2E14c,295,77196,missing
0x0a630de26e5B41eaef08741e74da4018A6C2E14c,296,77196,missing
0x0a630de26e5B41eaef08741e74da4018A6C2E14c,297,77196,missing
0x0a630de26e5B41eaef08741e74da4018A6C2E14c,301,77196,missing
0x0a630de26e5B41eaef08741e74da4018A6C2E14c,count,188,0,-188
0x9B13F5260219282464893DBeaDb65000d75E8263,1,58992,missing
0x9B13F5260219282464893DBeaDb65000d75E8263,2,37092,missing
0x9B13F5260219282464893DBeaDb65000d75E8263,3,59016,missing
0x9B13F5260219282464893DBeaDb65000d75E8263,4,59016,missing
0x9B13F5260219282464893DBeaDb65000d75E8263,5,59004,missing
0x9B13F5260219282464893DBeaDb65000d75E8263,6,59016,missing
0x9B13F5260219282464893DBeaDb65000d75E8263,7,58980,missing
0x9B13F5260219282464893DBeaDb65000d75E8263,8,59004,missing
0x9B13F5260219282464893DBeaDb65000d75E8263,9,59004,missing
0x9B13F5260219282464893DBeaDb65000d75E8263,10,59004,missing
0x9B13F5260219282464893DBeaDb65000d75E8263,11,59004,missing
0x9B13F5260219282464893DBeaDb65000d75E8263,12,59004,missing
0x9B13F5260219282464893DBeaDb65000d75E8263,13,59004,missing
0x9B13F5260219282464893DBeaDb65000d75E8263,14,58992,missing
0x9B13F5260219282464893DBeaDb65000d75E8263,15,59004,missing
0x9B13F5260219282464893DBeaDb65000d75E8263,16,54204,missing
0x9B13F5260219282464893DBeaDb65000d75E8263,17,59004,missing
0x9B13F5260219282464893DBeaDb65000d75E8263,18,58992,missing
0x9B13F5260219282464893DBeaDb65000d75E8263,19,59004,missing
0x9B13F5260219282464893DBeaDb65000d75E8263,20,54216,missing
0x9B13F5260219282464893DBeaDb65000d75E8263,21,54204,missing
0x9B13F5260219282464893DBeaDb65000d75E8263,22,37104,missing
0x9B13F5260219282464893DBeaDb65000d75E8263,23,37104,missing
0x9B13F5260219282464893DBeaDb65000d75E8263,24,37104,missing
0x9B13F5260219282464893DBeaDb65000d75E8263,25,37092,missing
0x9B13F5260219282464893DBeaDb65000d75E8263,26,37104,missing
0x9B13F5260219282464893DBeaDb65000d75E8263,27,37104,missing
0x9B13F5260219282464893DBeaDb65000d75E8263,28,37116,missing
0x9B13F5260219282464893DBeaDb65000d75E8263,count,28,0,-28
0x3AC96Bbe8b60D715fD818B3FE242EdF9dEF20571,1,54215,missing
0x3AC96Bbe8b60D715fD818B3FE242EdF9dEF20571,2,37115,missing
0x3AC96Bbe8b60D715fD818B3FE242EdF9dEF20571,count,2,0,-2
0x81A9eBFDCd87cd291Eb5e5260901A898dF3bdafd,1,48068,28433,-19635
0x81A9eBFDCd87cd291Eb5e5260901A898dF3bdafd,3,56560,missing
0x81A9eBFDCd87cd291Eb5e5260901A898dF3bdafd,4,37384,missing
0x81A9eBFDCd87cd291Eb5e5260901A898dF3bdafd,5,56608,missing
0x81A9eBFDCd87cd291Eb5e5260901A898dF3bdafd,6,56620,missing
0x81A9eBFDCd87cd291Eb5e5260901A898dF3bdafd,7,56620,missing
0x81A9eBFDCd87cd291Eb5e5260901A898dF3bdafd,8,44303,missing
0x81A9eBFDCd87cd291Eb5e5260901A898dF3bdafd,9,89589,missing
0x81A9eBFDCd87cd291Eb5e5260901A898dF3bdafd,10,72489,missing
0x81A9eBFDCd87cd291Eb5e5260901A898dF3bdafd,11,72489,missing
0x81A9eBFDCd87cd291Eb5e5260901A898dF3bdafd,12,72489,missing
0x81A9eBFDCd87cd291Eb5e5260901A898dF3bdafd,13,72489,missing
0x81A9eBFDCd87cd291Eb5e5260901A898dF3bdafd,14,72489,missing
0x81A9eBFDCd87cd291Eb5e5260901A898dF3bdafd,15,72489,missing
0x81A9eBFDCd87cd291Eb5e5260901A898dF3bdafd,16,72489,missing
0x81A9eBFDCd87cd291Eb5e5260901A898dF3bdafd,17,72489,missing
0x81A9eBFDCd87cd291Eb5e5260901A898dF3bdafd,18,55389,missing
0x81A9eBFDCd87cd291Eb5e5260901A898dF3bdafd,19,55389,missing
0x81A9eBFDCd87cd291Eb5e5260901A898dF3bdafd,count,18,1,-17
0xb57E2EC276460a993393cA1bB2BdAe6c8170c73A,1,27334,missing
0xb57E2EC276460a993393cA1bB2BdAe6c8170c73A,3,56559,missing
0xb57E2EC276460a993393cA1bB2BdAe6c8170c73A,4,56547,missing
0xb57E2EC276460a993393cA1bB2BdAe6c8170c73A,5,38008,missing
0xb57E2EC276460a993393cA1bB2BdAe6c8170c73A,6,39447,missing
0xb57E2EC276460a993393cA1bB2BdAe6c8170c73A,7,39447,missing
0xb57E2EC276460a993393cA1bB2BdAe6c8170c73A,8,39447,missing
0xb57E2EC276460a993393cA1bB2BdAe6c8170c73A,9,56559,missing
0xb57E2EC276460a993393cA1bB2BdAe6c8170c73A,10,56547,missing
0xb57E2EC276460a993393cA1bB2BdAe6c8170c73A,17,48047,missing
0xb57E2EC276460a993393cA1bB2BdAe6c8170c73A,18,38008,missing
0xb57E2EC276460a993393cA1bB2BdAe6c8170c73A,20,56547,missing
0xb57E2EC276460a993393cA1bB2BdAe6c8170c73A,21,33452,missing
0xb57E2EC276460a993393cA1bB2BdAe6c8170c73A,22,39447,missing
0xb57E2EC276460a993393cA1bB2BdAe6c8170c73A,count,14,1,-13
0xb57E2EC276460a993393cA1bB2BdAe6c8170c73A,87,missing,35394
0x687D9d6839817db4574AED33f45647109DFe9C2d,1,46787,missing
0x687D9d6839817db4574AED33f45647109DFe9C2d,2,46787,missing
0x687D9d6839817db4574AED33f45647109DFe9C2d,3,51575,missing
0x687D9d6839817db4574AED33f45647109DFe9C2d,4,51563,missing
0x687D9d6839817db4574AED33f45647109DFe9C2d,5,46799,missing
0x687D9d6839817db4574AED33f45647109DFe9C2d,6,46085,missing
0x687D9d6839817db4574AED33f45647109DFe9C2d,7,51563,missing
0x687D9d6839817db4574AED33f45647109DFe9C2d,8,34451,missing
0x687D9d6839817db4574AED33f45647109DFe9C2d,9,24296,missing
0x687D9d6839817db4574AED33f45647109DFe9C2d,10,51563,missing
0x687D9d6839817db4574AED33f45647109DFe9C2d,11,34487,missing
0x687D9d6839817db4574AED33f45647109DFe9C2d,12,51575,missing
0x687D9d6839817db4574AED33f45647109DFe9C2d,13,51563,missing
0x687D9d6839817db4574AED33f45647109DFe9C2d,14,51575,missing
0x687D9d6839817db4574AED33f45647109DFe9C2d,15,51575,missing
0x687D9d6839817db4574AED33f45647109DFe9C2d,16,34463,missing
0x687D9d6839817db4574AED33f45647109DFe9C2d,17,51563,missing
0x687D9d6839817db4574AED33f45647109DFe9C2d,18,51563,missing
0x687D9d6839817db4574AED33f45647109DFe9C2d,19,51563,missing
0x687D9d6839817db4574AED33f45647109DFe9C2d,20,34475,missing
0x687D9d6839817db4574AED33f45647109DFe9C2d,21,34463,missing
0x687D9d6839817db4574AED33f45647109DFe9C2d,22,51563,missing
0x687D9d6839817db4574AED33f45647109DFe9C2d,23,34475,missing
0x687D9d6839817db4574AED33f45647109DFe9C2d,24,34463,missing
0x687D9d6839817db4574AED33f45647109DFe9C2d,25,29687,missing
0x687D9d6839817db4574AED33f45647109DFe9C2d,26,51563,missing
0x687D9d6839817db4574AED33f45647109DFe9C2d,27,51575,missing
0x687D9d6839817db4574AED33f45647109DFe9C2d,28,34475,missing
0x687D9d6839817db4574AED33f45647109DFe9C2d,29,51563,missing
0x687D9d6839817db4574AED33f45647109DFe9C2d,30,46775,missing
0x687D9d6839817db4574AED33f45647109DFe9C2d,31,29675,missing
0x687D9d6839817db4574AED33f45647109DFe9C2d,32,29663,missing
0x687D9d6839817db4574AED33f45647109DFe9C2d,33,51563,missing
0x687D9d6839817db4574AED33f45647109DFe9C2d,34,34463,missing
0x687D9d6839817db4574AED33f45647109DFe9C2d,35,51575,missing
0x687D9d6839817db4574AED33f45647109DFe9C2d,36,34463,missing
0x687D9d6839817db4574AED33f45647109DFe9C2d,37,34475,missing
0x687D9d6839817db4574AED33f45647109DFe9C2d,38,51575,missing
0x687D9d6839817db4574AED33f45647109DFe9C2d,39,51575,missing
0x687D9d6839817db4574AED33f45647109DFe9C2d,40,51575,missing
0x687D9d6839817db4574AED33f45647109DFe9C2d,41,51575,missing
0x687D9d6839817db4574AED33f45647109DFe9C2d,42,51575,missing
0x687D9d6839817db4574AED33f45647109DFe9C2d,43,46763,missing
0x687D9d6839817db4574AED33f45647109DFe9C2d,44,51575,missing
0x687D9d6839817db4574AED33f45647109DFe9C2d,45,51575,missing
0x687D9d6839817db4574AED33f45647109DFe9C2d,46,51575,missing
0x687D9d6839817db4574AED33f45647109DFe9C2d,47,51563,missing
0x687D9d6839817db4574AED33f45647109DFe9C2d,48,51563,missing
0x687D9d6839817db4574AED33f45647109DFe9C2d,49,51575,missing
0x687D9d6839817db4574AED33f45647109DFe9C2d,50,51575,missing
0x687D9d6839817db4574AED33f45647109DFe9C2d,51,51575,missing
0x687D9d6839817db4574AED33f45647109DFe9C2d,52,51563,missing
0x687D9d6839817db4574AED33f45647109DFe9C2d,53,51563,missing
0x687D9d6839817db4574AED33f45647109DFe9C2d,54,51575,missing
0x687D9d6839817db4574AED33f45647109DFe9C2d,55,51563,missing
0x687D9d6839817db4574AED33f45647109DFe9C2d,56,51563,missing
0x687D9d6839817db4574AED33f45647109DFe9C2d,57,51563,missing
0x687D9d6839817db4574AED33f45647109DFe9C2d,58,51575,missing
0x687D9d6839817db4574AED33f45647109DFe9C2d,59,34463,missing
0x687D9d6839817db4574AED33f45647109DFe9C2d,60,29675,missing
0x687D9d6839817db4574AED33f45647109DFe9C2d,61,46763,missing
0x687D9d6839817db4574AED33f45647109DFe9C2d,62,51575,missing
0x687D9d6839817db4574AED33f45647109DFe9C2d,63,51563,missing
0x687D9d6839817db4574AED33f45647109DFe9C2d,64,34475,missing
0x687D9d6839817db4574AED33f45647109DFe9C2d,65,29675,missing
0x687D9d6839817db4574AED33f45647109DFe9C2d,66,29675,missing
0x687D9d6839817db4574AED33f45647109DFe9C2d,67,29675,missing
0x687D9d6839817db4574AED33f45647109DFe9C2d,68,29675,missing
0x687D9d6839817db4574AED33f45647109DFe9C2d,69,29675,missing
0x687D9d6839817db4574AED33f45647109DFe9C2d,70,29675,missing
0x687D9d6839817db4574AED33f45647109DFe9C2d,71,29675,missing
0x687D9d6839817db4574AED33f45647109DFe9C2d,72,29675,missing
0x687D9d6839817db4574AED33f45647109DFe9C2d,73,51575,missing
0x687D9d6839817db4574AED33f45647109DFe9C2d,74,51575,missing
0x687D9d6839817db4574AED33f45647109DFe9C2d,75,29663,missing
0x687D9d6839817db4574AED33f45647109DFe9C2d,76,29663,missing
0x687D9d6839817db4574AED33f45647109DFe9C2d,77,29675,missing
0x687D9d6839817db4574AED33f45647109DFe9C2d,78,29675,missing
0x687D9d6839817db4574AED33f45647109DFe9C2d,79,29675,missing
0x687D9d6839817db4574AED33f45647109DFe9C2d,80,29663,missing
0x687D9d6839817db4574AED33f45647109DFe9C2d,81,29675,missing
0x687D9d6839817db4574AED33f45647109DFe9C2d,82,29675,missing
0x687D9d6839817db4574AED33f45647109DFe9C2d,83,51575,missing
0x687D9d6839817db4574AED33f45647109DFe9C2d,84,51575,missing
0x687D9d6839817db4574AED33f45647109DFe9C2d,85,29675,missing
0x687D9d6839817db4574AED33f45647109DFe9C2d,86,29675,missing
0x687D9d6839817db4574AED33f45647109DFe9C2d,87,51575,missing
0x687D9d6839817db4574AED33f45647109DFe9C2d,88,51575,missing
0x687D9d6839817db4574AED33f45647109DFe9C2d,89,29675,missing
0x687D9d6839817db4574AED33f45647109DFe9C2d,90,46775,missing
0x687D9d6839817db4574AED33f45647109DFe9C2d,91,29675,missing
0x687D9d6839817db4574AED33f45647109DFe9C2d,92,29675,missing
0x687D9d6839817db4574AED33f45647109DFe9C2d,93,51575,missing
0x687D9d6839817db4574AED33f45647109DFe9C2d,94,29675,missing
0x687D9d6839817db4574AED33f45647109DFe9C2d,95,29675,missing
0x687D9d6839817db4574AED33f45647109DFe9C2d,96,51563,missing
0x687D9d6839817db4574AED33f45647109DFe9C2d,97,51575,missing
0x687D9d6839817db4574AED33f45647109DFe9C2d,98,51575,missing
0x687D9d6839817db4574AED33f45647109DFe9C2d,99,34475,missing
0x687D9d6839817db4574AED33f45647109DFe9C2d,100,34475,missing
0x687D9d6839817db4574AED33f45647109DFe9C2d,101,51563,missing
0x687D9d6839817db4574AED33f45647109DFe9C2d,102,34475,missing
0x687D9d6839817db4574AED33f45647109DFe9C2d,103,51575,missing
0x687D9d6839817db4574AED33f45647109DFe9C2d,104,51575,missing
0x687D9d6839817db4574AED33f45647109DFe9C2d,105,51575,missing
0x687D9d6839817db4574AED33f45647109DFe9C2d,106,51575,missing
0x687D9d6839817db4574AED33f45647109DFe9C2d,107,51575,missing
0x687D9d6839817db4574AED33f45647109DFe9C2d,108,51563,missing
0x687D9d6839817db4574AED33f45647109DFe9C2d,109,51575,missing
0x687D9d6839817db4574AED33f45647109DFe9C2d,110,51575,missing
0x687D9d6839817db4574AED33f45647109DFe9C2d,111,51575,missing
0x687D9d6839817db4574AED33f45647109DFe9C2d,112,34463,missing
0x687D9d6839817db4574AED33f45647109DFe9C2d,113,51575,missing
0x687D9d6839817db4574AED33f45647109DFe9C2d,114,51563,missing
0x687D9d6839817db4574AED33f45647109DFe9C2d,115,34475,missing
0x687D9d6839817db4574AED33f45647109DFe9C2d,116,51575,missing
0x687D9d6839817db4574AED33f45647109DFe9C2d,117,51575,missing
0x687D9d6839817db4574AED33f45647109DFe9C2d,118,51575,missing
0x687D9d6839817db4574AED33f45647109DFe9C2d,119,51563,missing
0x687D9d6839817db4574AED33f45647109DFe9C2d,120,46775,missing
0x687D9d6839817db4574AED33f45647109DFe9C2d,121,51575,missing
0x687D9d6839817db4574AED33f45647109DFe9C2d,122,46775,missing
0x687D9d6839817db4574AED33f45647109DFe9C2d,123,34463,missing
0x687D9d6839817db4574AED33f45647109DFe9C2d,124,34463,missing
0x687D9d6839817db4574AED33f45647109DFe9C2d,125,51563,missing
0x687D9d6839817db4574AED33f45647109DFe9C2d,126,34475,missing
0x687D9d6839817db4574AED33f45647109DFe9C2d,127,46763,missing
0x687D9d6839817db4574AED33f45647109DFe9C2d,128,34463,missing
0x687D9d6839817db4574AED33f45647109DFe9C2d,129,51575,missing
0x687D9d6839817db4574AED33f45647109DFe9C2d,130,29675,missing
0x687D9d6839817db4574AED33f45647109DFe9C2d,131,46763,missing
0x687D9d6839817db4574AED33f45647109DFe9C2d,132,46763,missing
0x687D9d6839817db4574AED33f45647109DFe9C2d,133,29663,missing
0x687D9d6839817db4574AED33f45647109DFe9C2d,134,29663,missing
0x687D9d6839817db4574AED33f45647109DFe9C2d,135,29675,missing
0x687D9d6839817db4574AED33f45647109DFe9C2d,136,29675,missing
0x687D9d6839817db4574AED33f45647109DFe9C2d,137,29675,missing
0x687D9d6839817db4574AED33f45647109DFe9C2d,138,29675,missing
0x687D9d6839817db4574AED33f45647109DFe9C2d,139,29675,missing
0x687D9d6839817db4574AED33f45647109DFe9C2d,140,29675,missing
0x687D9d6839817db4574AED33f45647109DFe9C2d,141,29675,missing
0x687D9d6839817db4574AED33f45647109DFe9C2d,142,29675,missing
0x687D9d6839817db4574AED33f45647109DFe9C2d,143,29675,missing
0x687D9d6839817db4574AED33f45647109DFe9C2d,144,29675,missing
0x687D9d6839817db4574AED33f45647109DFe9C2d,145,29675,missing
0x687D9d6839817db4574AED33f45647109DFe9C2d,146,29675,missing
0x687D9d6839817db4574AED33f45647109DFe9C2d,147,29675,missing
0x687D9d6839817db4574AED33f45647109DFe9C2d,148,29675,missing
0x687D9d6839817db4574AED33f45647109DFe9C2d,149,29663,missing
0x687D9d6839817db4574AED33f45647109DFe9C2d,150,29663,missing
0x687D9d6839817db4574AED33f45647109DFe9C2d,151,29675,missing
0x687D9d6839817db4574AED33f45647109DFe9C2d,152,51563,missing
0x687D9d6839817db4574AED33f45647109DFe9C2d,153,51575,missing
0x687D9d6839817db4574AED33f45647109DFe9C2d,154,29663,missing
0x687D9d6839817db4574AED33f45647109DFe9C2d,155,51563,missing
0x687D9d6839817db4574AED33f45647109DFe9C2d,156,46775,missing
0x687D9d6839817db4574AED33f45647109DFe9C2d,157,51575,missing
0x687D9d6839817db4574AED33f45647109DFe9C2d,158,29675,missing
0x687D9d6839817db4574AED33f45647109DFe9C2d,159,46775,missing
0x687D9d6839817db4574AED33f45647109DFe9C2d,160,34475,missing
0x687D9d6839817db4574AED33f45647109DFe9C2d,161,51575,missing
0x687D9d6839817db4574AED33f45647109DFe9C2d,162,34475,missing
0x687D9d6839817db4574AED33f45647109DFe9C2d,163,51575,missing
0x687D9d6839817db4574AED33f45647109DFe9C2d,164,51563,missing
0x687D9d6839817db4574AED33f45647109DFe9C2d,165,51575,missing
0x687D9d6839817db4574AED33f45647109DFe9C2d,166,51575,missing
0x687D9d6839817db4574AED33f45647109DFe9C2d,167,51563,missing
0x687D9d6839817db4574AED33f45647109DFe9C2d,168,51563,missing
0x687D9d6839817db4574AED33f45647109DFe9C2d,169,51563,missing
0x687D9d6839817db4574AED33f45647109DFe9C2d,170,51563,missing
0x687D9d6839817db4574AED33f45647109DFe9C2d,171,51563,missing
0x687D9d6839817db4574AED33f45647109DFe9C2d,172,46763,missing
0x687D9d6839817db4574AED33f45647109DFe9C2d,173,51563,missing
0x687D9d6839817db4574AED33f45647109DFe9C2d,174,51563,missing
0x687D9d6839817db4574AED33f45647109DFe9C2d,175,51551,missing
0x687D9d6839817db4574AED33f45647109DFe9C2d,176,51563,missing
0x687D9d6839817db4574AED33f45647109DFe9C2d,177,51563,missing
0x687D9d6839817db4574AED33f45647109DFe9C2d,178,51563,missing
0x687D9d6839817db4574AED33f45647109DFe9C2d,179,51563,missing
0x687D9d6839817db4574AED33f45647109DFe9C2d,180,34463,missing
0x687D9d6839817db4574AED33f45647109DFe9C2d,181,51563,missing
0x687D9d6839817db4574AED33f45647109DFe9C2d,182,51551,missing
0x687D9d6839817db4574AED33f45647109DFe9C2d,183,51563,missing
0x687D9d6839817db4574AED33f45647109DFe9C2d,184,51563,missing
0x687D9d6839817db4574AED33f45647109DFe9C2d,185,51563,missing
0x687D9d6839817db4574AED33f45647109DFe9C2d,186,51563,missing
0x687D9d6839817db4574AED33f45647109DFe9C2d,187,51563,missing
0x687D9d6839817db4574AED33f45647109DFe9C2d,188,51563,missing
0x687D9d6839817db4574AED33f45647109DFe9C2d,189,51563,missing
0x687D9d6839817db4574AED33f45647109DFe9C2d,190,51575,missing
0x687D9d6839817db4574AED33f45647109DFe9C2d,191,51563,missing
0x687D9d6839817db4574AED33f45647109DFe9C2d,192,51563,missing
0x687D9d6839817db4574AED33f45647109DFe9C2d,193,51563,missing
0x687D9d6839817db4574AED33f45647109DFe9C2d,194,51563,missing
0x687D9d6839817db4574AED33f45647109DFe9C2d,195,51575,missing
0x687D9d6839817db4574AED33f45647109DFe9C2d,196,51563,missing
0x687D9d6839817db4574AED33f45647109DFe9C2d,197,51563,missing
0x687D9d6839817db4574AED33f45647109DFe9C2d,198,51563,missing
0x687D9d6839817db4574AED33f45647109DFe9C2d,199,51563,missing
0x687D9d6839817db4574AED33f45647109DFe9C2d,200,51563,missing
0x687D9d6839817db4574AED33f45647109DFe9C2d,201,51563,missing
0x687D9d6839817db4574AED33f45647109DFe9C2d,202,51563,missing
0x687D9d6839817db4574AED33f45647109DFe9C2d,203,51563,missing
0x687D9d6839817db4574AED33f45647109DFe9C2d,204,51563,missing
0x687D9d6839817db4574AED33f45647109DFe9C2d,205,51563,missing
0x687D9d6839817db4574AED33f45647109DFe9C2d,206,51563,missing
0x687D9d6839817db4574AED33f45647109DFe9C2d,207,51563,missing
0x687D9d6839817db4574AED33f45647109DFe9C2d,208,51563,missing
0x687D9d6839817db4574AED33f45647109DFe9C2d,209,51563,missing
0x687D9d6839817db4574AED33f45647109DFe9C2d,210,51563,missing
0x687D9d6839817db4574AED33f45647109DFe9C2d,211,51563,missing
0x687D9d6839817db4574AED33f45647109DFe9C2d,212,51563,missing
0x687D9d6839817db4574AED33f45647109DFe9C2d,213,34475,missing
0x687D9d6839817db4574AED33f45647109DFe9C2d,214,51563,missing
0x687D9d6839817db4574AED33f45647109DFe9C2d,215,51551,missing
0x687D9d6839817db4574AED33f45647109DFe9C2d,216,51563,missing
0x687D9d6839817db4574AED33f45647109DFe9C2d,217,51563,missing
0x687D9d6839817db4574AED33f45647109DFe9C2d,218,51563,missing
0x687D9d6839817db4574AED33f45647109DFe9C2d,219,29663,missing
0x687D9d6839817db4574AED33f45647109DFe9C2d,220,51563,missing
0x687D9d6839817db4574AED33f45647109DFe9C2d,221,51563,missing
0x687D9d6839817db4574AED33f45647109DFe9C2d,222,34451,missing
0x687D9d6839817db4574AED33f45647109DFe9C2d,223,51563,missing
0x687D9d6839817db4574AED33f45647109DFe9C2d,224,51563,missing
0x687D9d6839817db4574AED33f45647109DFe9C2d,225,51563,missing
0x687D9d6839817db4574AED33f45647109DFe9C2d,226,29663,missing
0x687D9d6839817db4574AED33f45647109DFe9C2d,227,29675,missing
0x687D9d6839817db4574AED33f45647109DFe9C2d,228,29675,missing
0x687D9d6839817db4574AED33f45647109DFe9C2d,229,29663,missing
0x687D9d6839817db4574AED33f45647109DFe9C2d,230,29663,missing
0x687D9d6839817db4574AED33f45647109DFe9C2d,231,29663,missing
0x687D9d6839817db4574AED33f45647109DFe9C2d,232,29663,missing
0x687D9d6839817db4574AED33f45647109DFe9C2d,233,29675,missing
0x687D9d6839817db4574AED33f45647109DFe9C2d,234,29675,missing
0x687D9d6839817db4574AED33f45647109DFe9C2d,235,29675,missing
0x687D9d6839817db4574AED33f45647109DFe9C2d,236,51563,missing
0x687D9d6839817db4574AED33f45647109DFe9C2d,237,29663,missing
0x687D9d6839817db4574AED33f45647109DFe9C2d,238,29663,missing
0x687D9d6839817db4574AED33f45647109DFe9C2d,239,29663,missing
0x687D9d6839817db4574AED33f45647109DFe9C2d,240,29663,missing
0x687D9d6839817db4574AED33f45647109DFe9C2d,241,29663,missing
0x687D9d6839817db4574AED33f45647109DFe9C2d,242,29663,missing
0x687D9d6839817db4574AED33f45647109DFe9C2d,243,29675,missing
0x687D9d6839817db4574AED33f45647109DFe9C2d,244,29663,missing
0x687D9d6839817db4574AED33f45647109DFe9C2d,245,29663,missing
0x687D9d6839817db4574AED33f45647109DFe9C2d,246,29663,missing
0x687D9d6839817db4574AED33f45647109DFe9C2d,247,29663,missing
0x687D9d6839817db4574AED33f45647109DFe9C2d,248,29675,missing
0x687D9d6839817db4574AED33f45647109DFe9C2d,249,29663,missing
0x687D9d6839817db4574AED33f45647109DFe9C2d,250,29663,missing
0x687D9d6839817db4574AED33f45647109DFe9C2d,251,29663,missing
0x687D9d6839817db4574AED33f45647109DFe9C2d,252,29663,missing
0x687D9d6839817db4574AED33f45647109DFe9C2d,253,29663,missing
0x687D9d6839817db4574AED33f45647109DFe9C2d,254,29663,missing
0x687D9d6839817db4574AED33f45647109DFe9C2d,255,29675,missing
0x687D9d6839817db4574AED33f45647109DFe9C2d,256,29663,missing
0x687D9d6839817db4574AED33f45647109DFe9C2d,257,29663,missing
0x687D9d6839817db4574AED33f45647109DFe9C2d,258,29663,missing
0x687D9d6839817db4574AED33f45647109DFe9C2d,259,29663,missing
0x687D9d6839817db4574AED33f45647109DFe9C2d,260,29663,missing
0x687D9d6839817db4574AED33f45647109DFe9C2d,261,29663,missing
0x687D9d6839817db4574AED33f45647109DFe9C2d,262,29663,missing
0x687D9d6839817db4574AED33f45647109DFe9C2d,263,29663,missing
0x687D9d6839817db4574AED33f45647109DFe9C2d,264,29663,missing
0x687D9d6839817db4574AED33f45647109DFe9C2d,265,29663,missing
0x687D9d6839817db4574AED33f45647109DFe9C2d,266,29663,missing
0x687D9d6839817db4574AED33f45647109DFe9C2d,267,29663,missing
0x687D9d6839817db4574AED33f45647109DFe9C2d,268,29663,missing
0x687D9d6839817db4574AED33f45647109DFe9C2d,269,29663,missing
0x687D9d6839817db4574AED33f45647109DFe9C2d,270,51563,missing
0x687D9d6839817db4574AED33f45647109DFe9C2d,271,51563,missing
0x687D9d6839817db4574AED33f45647109DFe9C2d,272,51563,missing
0x687D9d6839817db4574AED33f45647109DFe9C2d,273,51563,missing
0x687D9d6839817db4574AED33f45647109DFe9C2d,274,29663,missing
0x687D9d6839817db4574AED33f45647109DFe9C2d,275,51563,missing
0x687D9d6839817db4574AED33f45647109DFe9C2d,276,29663,missing
0x687D9d6839817db4574AED33f45647109DFe9C2d,277,29663,missing
0x687D9d6839817db4574AED33f45647109DFe9C2d,278,51575,missing
0x687D9d6839817db4574AED33f45647109DFe9C2d,279,51575,missing
0x687D9d6839817db4574AED33f45647109DFe9C2d,280,51551,missing
0x687D9d6839817db4574AED33f45647109DFe9C2d,281,51563,missing
0x687D9d6839817db4574AED33f45647109DFe9C2d,282,34463,missing
0x687D9d6839817db4574AED33f45647109DFe9C2d,283,51563,missing
0x687D9d6839817db4574AED33f45647109DFe9C2d,284,51563,missing
0x687D9d6839817db4574AED33f45647109DFe9C2d,285,51563,missing
0x687D9d6839817db4574AED33f45647109DFe9C2d,286,51563,missing
0x687D9d6839817db4574AED33f45647109DFe9C2d,287,51563,missing
0x687D9d6839817db4574AED33f45647109DFe9C2d,288,51563,missing
0x687D9d6839817db4574AED33f45647109DFe9C2d,289,51563,missing
0x687D9d6839817db4574AED33f45647109DFe9C2d,290,51563,missing
0x687D9d6839817db4574AED33f45647109DFe9C2d,291,51563,missing
0x687D9d6839817db4574AED33f45647109DFe9C2d,292,51551,missing
0x687D9d6839817db4574AED33f45647109DFe9C2d,293,51563,missing
0x687D9d6839817db4574AED33f45647109DFe9C2d,294,51563,missing
0x687D9d6839817db4574AED33f45647109DFe9C2d,295,51563,missing
0x687D9d6839817db4574AED33f45647109DFe9C2d,296,51563,missing
0x687D9d6839817db4574AED33f45647109DFe9C2d,297,51551,missing
0x687D9d6839817db4574AED33f45647109DFe9C2d,298,51563,missing
0x687D9d6839817db4574AED33f45647109DFe9C2d,299,51563,missing
0x687D9d6839817db4574AED33f45647109DFe9C2d,300,51551,missing
0x687D9d6839817db4574AED33f45647109DFe9C2d,301,51563,missing
0x687D9d6839817db4574AED33f45647109DFe9C2d,302,51563,missing
0x687D9d6839817db4574AED33f45647109DFe9C2d,303,51563,missing
0x687D9d6839817db4574AED33f45647109DFe9C2d,304,29663,missing
0x687D9d6839817db4574AED33f45647109DFe9C2d,305,29663,missing
0x687D9d6839817db4574AED33f45647109DFe9C2d,306,51563,missing
0x687D9d6839817db4574AED33f45647109DFe9C2d,307,51563,missing
0x687D9d6839817db4574AED33f45647109DFe9C2d,308,51563,missing
0x687D9d6839817db4574AED33f45647109DFe9C2d,309,51563,missing
0x687D9d6839817db4574AED33f45647109DFe9C2d,310,51563,missing
0x687D9d6839817db4574AED33f45647109DFe9C2d,311,51563,missing
0x687D9d6839817db4574AED33f45647109DFe9C2d,312,51551,missing
0x687D9d6839817db4574AED33f45647109DFe9C2d,313,51563,missing
0x687D9d6839817db4574AED33f45647109DFe9C2d,314,51563,missing
0x687D9d6839817db4574AED33f45647109DFe9C2d,315,51539,missing
0x687D9d6839817db4574AED33f45647109DFe9C2d,316,51563,missing
0x687D9d6839817db4574AED33f45647109DFe9C2d,317,51563,missing
0x687D9d6839817db4574AED33f45647109DFe9C2d,318,51563,missing
0x687D9d6839817db4574AED33f45647109DFe9C2d,319,51563,missing
0x687D9d6839817db4574AED33f45647109DFe9C2d,320,51563,missing
0x687D9d6839817db4574AED33f45647109DFe9C2d,321,29663,missing
0x687D9d6839817db4574AED33f45647109DFe9C2d,322,51563,missing
0x687D9d6839817db4574AED33f45647109DFe9C2d,323,29663,missing
0x687D9d6839817db4574AED33f45647109DFe9C2d,324,29663,missing
0x687D9d6839817db4574AED33f45647109DFe9C2d,325,51563,missing
0x687D9d6839817db4574AED33f45647109DFe9C2d,326,51563,missing
0x687D9d6839817db4574AED33f45647109DFe9C2d,327,51563,missing
0x687D9d6839817db4574AED33f45647109DFe9C2d,328,51551,missing
0x687D9d6839817db4574AED33f45647109DFe9C2d,329,51563,missing
0x687D9d6839817db4574AED33f45647109DFe9C2d,330,51563,missing
0x687D9d6839817db4574AED33f45647109DFe9C2d,331,51563,missing
0x687D9d6839817db4574AED33f45647109DFe9C2d,332,51563,missing
0x687D9d6839817db4574AED33f45647109DFe9C2d,333,46763,missing
0x687D9d6839817db4574AED33f45647109DFe9C2d,334,51563,missing
0x687D9d6839817db4574AED33f45647109DFe9C2d,335,51563,missing
0x687D9d6839817db4574AED33f45647109DFe9C2d,336,51563,missing
0x687D9d6839817db4574AED33f45647109DFe9C2d,337,51563,missing
0x687D9d6839817db4574AED33f45647109DFe9C2d,338,51563,missing
0x687D9d6839817db4574AED33f45647109DFe9C2d,339,51563,missing
0x687D9d6839817db4574AED33f45647109DFe9C2d,count,339,0,-339
0x3fe3D6f405b5858A320B33FbcB0Bea3b2C2eB7BE,1,59100,missing
0x3fe3D6f405b5858A320B33FbcB0Bea3b2C2eB7BE,count,1,0,-1
0x9d06cbafa865037a01d322d3f4222fa3e04e5488,1,69289,40061,-29228
0x9d06cbafa865037a01d322d3f4222fa3e04e5488,count,1,2,1
0x9d06cbafa865037a01d322d3f4222fa3e04e5488,2,missing,28317
0x824D83318d9637715a491B6CBb0244f55c0D5bAf,1,51822,missing
0x824D83318d9637715a491B6CBb0244f55c0D5bAf,2,55084,28661,-26423
0x824D83318d9637715a491B6CBb0244f55c0D5bAf,4,28631,33312,4681
0x824D83318d9637715a491B6CBb0244f55c0D5bAf,5,55180,28757,-26423
0x824D83318d9637715a491B6CBb0244f55c0D5bAf,6,38080,28757,-9323
0x824D83318d9637715a491B6CBb0244f55c0D5bAf,7,33515,33396,-119
0x824D83318d9637715a491B6CBb0244f55c0D5bAf,8,33503,33384,-119
0x824D83318d9637715a491B6CBb0244f55c0D5bAf,10,56586,missing
0x824D83318d9637715a491B6CBb0244f55c0D5bAf,11,56598,missing
0x824D83318d9637715a491B6CBb0244f55c0D5bAf,12,56610,missing
0x824D83318d9637715a491B6CBb0244f55c0D5bAf,14,56610,missing
0x824D83318d9637715a491B6CBb0244f55c0D5bAf,15,56610,missing
0x824D83318d9637715a491B6CBb0244f55c0D5bAf,16,56610,missing
0x824D83318d9637715a491B6CBb0244f55c0D5bAf,17,56610,missing
0x824D83318d9637715a491B6CBb0244f55c0D5bAf,18,56610,missing
0x824D83318d9637715a491B6CBb0244f55c0D5bAf,19,56610,missing
0x824D83318d9637715a491B6CBb0244f55c0D5bAf,20,56610,missing
0x824D83318d9637715a491B6CBb0244f55c0D5bAf,21,56610,missing
0x824D83318d9637715a491B6CBb0244f55c0D5bAf,22,56610,missing
0x824D83318d9637715a491B6CBb0244f55c0D5bAf,23,39510,missing
0x824D83318d9637715a491B6CBb0244f55c0D5bAf,24,56610,missing
0x824D83318d9637715a491B6CBb0244f55c0D5bAf,25,56610,missing
0x824D83318d9637715a491B6CBb0244f55c0D5bAf,26,56610,missing
0x824D83318d9637715a491B6CBb0244f55c0D5bAf,27,56610,missing
0x824D83318d9637715a491B6CBb0244f55c0D5bAf,28,39510,missing
0x824D83318d9637715a491B6CBb0244f55c0D5bAf,29,39510,missing
0x824D83318d9637715a491B6CBb0244f55c0D5bAf,30,39510,missing
0x824D83318d9637715a491B6CBb0244f55c0D5bAf,31,39510,missing
0x824D83318d9637715a491B6CBb0244f55c0D5bAf,32,56610,missing
0x824D83318d9637715a491B6CBb0244f55c0D5bAf,33,39510,missing
0x824D83318d9637715a491B6CBb0244f55c0D5bAf,34,56610,missing
0x824D83318d9637715a491B6CBb0244f55c0D5bAf,35,56598,missing
0x824D83318d9637715a491B6CBb0244f55c0D5bAf,36,39510,missing
0x824D83318d9637715a491B6CBb0244f55c0D5bAf,37,39510,missing
0x824D83318d9637715a491B6CBb0244f55c0D5bAf,38,56598,missing
0x824D83318d9637715a491B6CBb0244f55c0D5bAf,39,56610,missing
0x824D83318d9637715a491B6CBb0244f55c0D5bAf,40,56610,missing
0x824D83318d9637715a491B6CBb0244f55c0D5bAf,41,56598,missing
0x824D83318d9637715a491B6CBb0244f55c0D5bAf,42,56610,missing
0x824D83318d9637715a491B6CBb0244f55c0D5bAf,43,56610,missing
0x824D83318d9637715a491B6CBb0244f55c0D5bAf,44,39510,missing
0x824D83318d9637715a491B6CBb0244f55c0D5bAf,45,39510,missing
0x824D83318d9637715a491B6CBb0244f55c0D5bAf,46,56610,missing
0x824D83318d9637715a491B6CBb0244f55c0D5bAf,47,39510,missing
0x824D83318d9637715a491B6CBb0244f55c0D5bAf,48,56610,missing
0x824D83318d9637715a491B6CBb0244f55c0D5bAf,49,56610,missing
0x824D83318d9637715a491B6CBb0244f55c0D5bAf,50,39510,missing
0x824D83318d9637715a491B6CBb0244f55c0D5bAf,51,39510,missing
0x824D83318d9637715a491B6CBb0244f55c0D5bAf,52,39510,missing
0x824D83318d9637715a491B6CBb0244f55c0D5bAf,53,56598,missing
0x824D83318d9637715a491B6CBb0244f55c0D5bAf,54,39510,missing
0x824D83318d9637715a491B6CBb0244f55c0D5bAf,55,56610,missing
0x824D83318d9637715a491B6CBb0244f55c0D5bAf,56,56598,missing
0x824D83318d9637715a491B6CBb0244f55c0D5bAf,57,56598,missing
0x824D83318d9637715a491B6CBb0244f55c0D5bAf,58,39510,missing
0x824D83318d9637715a491B6CBb0244f55c0D5bAf,59,39510,missing
0x824D83318d9637715a491B6CBb0244f55c0D5bAf,60,39498,missing
0x824D83318d9637715a491B6CBb0244f55c0D5bAf,61,56598,missing
0x824D83318d9637715a491B6CBb0244f55c0D5bAf,62,39486,missing
0x824D83318d9637715a491B6CBb0244f55c0D5bAf,63,56598,missing
0x824D83318d9637715a491B6CBb0244f55c0D5bAf,64,56610,missing
0x824D83318d9637715a491B6CBb0244f55c0D5bAf,65,56610,missing
0x824D83318d9637715a491B6CBb0244f55c0D5bAf,66,56598,missing
0x824D83318d9637715a491B6CBb0244f55c0D5bAf,67,39510,missing
0x824D83318d9637715a491B6CBb0244f55c0D5bAf,68,39510,missing
0x824D83318d9637715a491B6CBb0244f55c0D5bAf,69,56610,missing
0x824D83318d9637715a491B6CBb0244f55c0D5bAf,70,56610,missing
0x824D83318d9637715a491B6CBb0244f55c0D5bAf,71,39510,missing
0x824D83318d9637715a491B6CBb0244f55c0D5bAf,72,56610,missing
0x824D83318d9637715a491B6CBb0244f55c0D5bAf,73,39510,missing
0x824D83318d9637715a491B6CBb0244f55c0D5bAf,74,56610,missing
0x824D83318d9637715a491B6CBb0244f55c0D5bAf,75,56598,missing
0x824D83318d9637715a491B6CBb0244f55c0D5bAf,76,39510,missing
0x824D83318d9637715a491B6CBb0244f55c0D5bAf,77,39510,missing
0x824D83318d9637715a491B6CBb0244f55c0D5bAf,78,39510,missing
0x824D83318d9637715a491B6CBb0244f55c0D5bAf,79,39510,missing
0x824D83318d9637715a491B6CBb0244f55c0D5bAf,80,39498,missing
0x824D83318d9637715a491B6CBb0244f55c0D5bAf,81,56586,missing
0x824D83318d9637715a491B6CBb0244f55c0D5bAf,82,56598,missing
0x824D83318d9637715a491B6CBb0244f55c0D5bAf,83,39498,missing
0x824D83318d9637715a491B6CBb0244f55c0D5bAf,84,56598,missing
0x824D83318d9637715a491B6CBb0244f55c0D5bAf,85,56610,missing
0x824D83318d9637715a491B6CBb0244f55c0D5bAf,86,39510,missing
0x824D83318d9637715a491B6CBb0244f55c0D5bAf,87,56610,missing
0x824D83318d9637715a491B6CBb0244f55c0D5bAf,88,51798,missing
0x824D83318d9637715a491B6CBb0244f55c0D5bAf,90,56610,missing
0x824D83318d9637715a491B6CBb0244f55c0D5bAf,91,56610,missing
0x824D83318d9637715a491B6CBb0244f55c0D5bAf,92,56586,missing
0x824D83318d9637715a491B6CBb0244f55c0D5bAf,93,56598,missing
0x824D83318d9637715a491B6CBb0244f55c0D5bAf,94,56598,missing
0x824D83318d9637715a491B6CBb0244f55c0D5bAf,95,39522,missing
0x824D83318d9637715a491B6CBb0244f55c0D5bAf,96,39498,missing
0x824D83318d9637715a491B6CBb0244f55c0D5bAf,97,56598,missing
0x824D83318d9637715a491B6CBb0244f55c0D5bAf,98,39510,missing
0x824D83318d9637715a491B6CBb0244f55c0D5bAf,99,56586,missing
0x824D83318d9637715a491B6CBb0244f55c0D5bAf,100,39486,missing
0x824D83318d9637715a491B6CBb0244f55c0D5bAf,101,39498,missing
0x824D83318d9637715a491B6CBb0244f55c0D5bAf,102,39498,missing
0x824D83318d9637715a491B6CBb0244f55c0D5bAf,103,56586,missing
0x824D83318d9637715a491B6CBb0244f55c0D5bAf,104,56598,missing
0x824D83318d9637715a491B6CBb0244f55c0D5bAf,105,39486,missing
0x824D83318d9637715a491B6CBb0244f55c0D5bAf,106,39474,missing
0x824D83318d9637715a491B6CBb0244f55c0D5bAf,107,39498,missing
0x824D83318d9637715a491B6CBb0244f55c0D5bAf,108,39510,missing
0x824D83318d9637715a491B6CBb0244f55c0D5bAf,109,39486,missing
0x824D83318d9637715a491B6CBb0244f55c0D5bAf,110,39498,missing
0x824D83318d9637715a491B6CBb0244f55c0D5bAf,111,39498,missing
0x824D83318d9637715a491B6CBb0244f55c0D5bAf,112,39498,missing
0x824D83318d9637715a491B6CBb0244f55c0D5bAf,113,39498,missing
0x824D83318d9637715a491B6CBb0244f55c0D5bAf,114,39510,missing
0x824D83318d9637715a491B6CBb0244f55c0D5bAf,115,39486,missing
0x824D83318d9637715a491B6CBb0244f55c0D5bAf,116,39498,missing
0x824D83318d9637715a491B6CBb0244f55c0D5bAf,117,39498,missing
0x824D83318d9637715a491B6CBb0244f55c0D5bAf,118,39486,missing
0x824D83318d9637715a491B6CBb0244f55c0D5bAf,119,39510,missing
0x824D83318d9637715a491B6CBb0244f55c0D5bAf,120,39510,missing
0x824D83318d9637715a491B6CBb0244f55c0D5bAf,121,39510,missing
0x824D83318d9637715a491B6CBb0244f55c0D5bAf,122,39498,missing
0x824D83318d9637715a491B6CBb0244f55c0D5bAf,123,39510,missing
0x824D83318d9637715a491B6CBb0244f55c0D5bAf,124,56586,missing
0x824D83318d9637715a491B6CBb0244f55c0D5bAf,125,39510,missing
0x824D83318d9637715a491B6CBb0244f55c0D5bAf,126,56598,missing
0x824D83318d9637715a491B6CBb0244f55c0D5bAf,127,56598,missing
0x824D83318d9637715a491B6CBb0244f55c0D5bAf,128,34710,missing
0x824D83318d9637715a491B6CBb0244f55c0D5bAf,129,34698,missing
0x824D83318d9637715a491B6CBb0244f55c0D5bAf,130,34710,missing
0x824D83318d9637715a491B6CBb0244f55c0D5bAf,131,34710,missing
0x824D83318d9637715a491B6CBb0244f55c0D5bAf,132,34698,missing
0x824D83318d9637715a491B6CBb0244f55c0D5bAf,133,34710,missing
0x824D83318d9637715a491B6CBb0244f55c0D5bAf,134,34710,missing
0x824D83318d9637715a491B6CBb0244f55c0D5bAf,135,34710,missing
0x824D83318d9637715a491B6CBb0244f55c0D5bAf,136,34698,missing
0x824D83318d9637715a491B6CBb0244f55c0D5bAf,137,34710,missing
0x824D83318d9637715a491B6CBb0244f55c0D5bAf,138,34698,missing
0x824D83318d9637715a491B6CBb0244f55c0D5bAf,139,34698,missing
0x824D83318d9637715a491B6CBb0244f55c0D5bAf,140,34710,missing
0x824D83318d9637715a491B6CBb0244f55c0D5bAf,141,34710,missing
0x824D83318d9637715a491B6CBb0244f55c0D5bAf,142,34710,missing
0x824D83318d9637715a491B6CBb0244f55c0D5bAf,143,34710,missing
0x824D83318d9637715a491B6CBb0244f55c0D5bAf,144,34698,missing
0x824D83318d9637715a491B6CBb0244f55c0D5bAf,145,34710,missing
0x824D83318d9637715a491B6CBb0244f55c0D5bAf,146,34710,missing
0x824D83318d9637715a491B6CBb0244f55c0D5bAf,147,34698,missing
0x824D83318d9637715a491B6CBb0244f55c0D5bAf,148,34710,missing
0x824D83318d9637715a491B6CBb0244f55c0D5bAf,149,34698,missing
0x824D83318d9637715a491B6CBb0244f55c0D5bAf,150,34710,missing
0x824D83318d9637715a491B6CBb0244f55c0D5bAf,151,34710,missing
0x824D83318d9637715a491B6CBb0244f55c0D5bAf,152,34710,missing
0x824D83318d9637715a491B6CBb0244f55c0D5bAf,153,39510,missing
0x824D83318d9637715a491B6CBb0244f55c0D5bAf,154,34710,missing
0x824D83318d9637715a491B6CBb0244f55c0D5bAf,155,39510,missing
0x824D83318d9637715a491B6CBb0244f55c0D5bAf,156,34698,missing
0x824D83318d9637715a491B6CBb0244f55c0D5bAf,157,34698,missing
0x824D83318d9637715a491B6CBb0244f55c0D5bAf,158,56610,missing
0x824D83318d9637715a491B6CBb0244f55c0D5bAf,159,34710,missing
0x824D83318d9637715a491B6CBb0244f55c0D5bAf,160,34710,missing
0x824D83318d9637715a491B6CBb0244f55c0D5bAf,161,34710,missing
0x824D83318d9637715a491B6CBb0244f55c0D5bAf,162,34710,missing
0x824D83318d9637715a491B6CBb0244f55c0D5bAf,163,34710,missing
0x824D83318d9637715a491B6CBb0244f55c0D5bAf,164,34698,missing
0x824D83318d9637715a491B6CBb0244f55c0D5bAf,165,34710,missing
0x824D83318d9637715a491B6CBb0244f55c0D5bAf,166,34710,missing
0x824D83318d9637715a491B6CBb0244f55c0D5bAf,167,34710,missing
0x824D83318d9637715a491B6CBb0244f55c0D5bAf,168,34698,missing
0x824D83318d9637715a491B6CBb0244f55c0D5bAf,169,34710,missing
0x824D83318d9637715a491B6CBb0244f55c0D5bAf,170,34710,missing
0x824D83318d9637715a491B6CBb0244f55c0D5bAf,171,34698,missing
0x824D83318d9637715a491B6CBb0244f55c0D5bAf,172,34698,missing
0x824D83318d9637715a491B6CBb0244f55c0D5bAf,173,34710,missing
0x824D83318d9637715a491B6CBb0244f55c0D5bAf,174,34710,missing
0x824D83318d9637715a491B6CBb0244f55c0D5bAf,175,34698,missing
0x824D83318d9637715a491B6CBb0244f55c0D5bAf,176,34698,missing
0x824D83318d9637715a491B6CBb0244f55c0D5bAf,177,34710,missing
0x824D83318d9637715a491B6CBb0244f55c0D5bAf,178,34710,missing
0x824D83318d9637715a491B6CBb0244f55c0D5bAf,179,34710,missing
0x824D83318d9637715a491B6CBb0244f55c0D5bAf,180,34698,missing
0x824D83318d9637715a491B6CBb0244f55c0D5bAf,181,34710,missing
0x824D83318d9637715a491B6CBb0244f55c0D5bAf,182,34710,missing
0x824D83318d9637715a491B6CBb0244f55c0D5bAf,183,34710,missing
0x824D83318d9637715a491B6CBb0244f55c0D5bAf,184,39534,missing
0x824D83318d9637715a491B6CBb0244f55c0D5bAf,count,180,7,-173
0x824D83318d9637715a491B6CBb0244f55c0D5bAf,9,missing,33384
0xb620cee6b52f96f3c6b253e6eea556aa2d214a99,1,21040,40061,19021
0xb620cee6b52f96f3c6b253e6eea556aa2d214a99,2,43405,28153,-15252
0xb620cee6b52f96f3c6b253e6eea556aa2d214a99,3,23505,28153,4648
0xb620cee6b52f96f3c6b253e6eea556aa2d214a99,4,45771,28293,-17478
0xb620cee6b52f96f3c6b253e6eea556aa2d214a99,5,26305,28153,1848
0xb620cee6b52f96f3c6b253e6eea556aa2d214a99,6,30629,28153,-2476
0xb620cee6b52f96f3c6b253e6eea556aa2d214a99,7,88000,40453,-47547
0xb620cee6b52f96f3c6b253e6eea556aa2d214a99,8,29535,28665,-870
0xb620cee6b52f96f3c6b253e6eea556aa2d214a99,9,48732,29033,-19699
0xb620cee6b52f96f3c6b253e6eea556aa2d214a99,count,9,10,1
0xb620cee6b52f96f3c6b253e6eea556aa2d214a99,10,missing,28153
0x332124F226e80c3AFdBb59271f550881b20604A1,1,56501,missing
0x332124F226e80c3AFdBb59271f550881b20604A1,2,56525,missing
0x332124F226e80c3AFdBb59271f550881b20604A1,3,47937,28661,-19276
0x332124F226e80c3AFdBb59271f550881b20604A1,4,28717,missing
0x332124F226e80c3AFdBb59271f550881b20604A1,5,26025,28649,2624
0x332124F226e80c3AFdBb59271f550881b20604A1,6,47937,28661,-19276
0x332124F226e80c3AFdBb59271f550881b20604A1,count,6,3,-3
0x81d4703c5b3499B57397C999A72f492Fc681410D,1,52425,28521,-23904
0x81d4703c5b3499B57397C999A72f492Fc681410D,2,67286,28673,-38613
0x81d4703c5b3499B57397C999A72f492Fc681410D,3,67310,28697,-38613
0x81d4703c5b3499B57397C999A72f492Fc681410D,4,50186,28673,-21513
0x81d4703c5b3499B57397C999A72f492Fc681410D,5,67274,28661,-38613
0x81d4703c5b3499B57397C999A72f492Fc681410D,6,50174,28661,-21513
0x81d4703c5b3499B57397C999A72f492Fc681410D,7,50174,28661,-21513
0x81d4703c5b3499B57397C999A72f492Fc681410D,8,50174,28661,-21513
0x81d4703c5b3499B57397C999A72f492Fc681410D,9,67274,28661,-38613
0x81d4703c5b3499B57397C999A72f492Fc681410D,10,67274,28661,-38613
0x81d4703c5b3499B57397C999A72f492Fc681410D,11,67274,28661,-38613
0x81d4703c5b3499B57397C999A72f492Fc681410D,count,11,11,0
0x78c2a1e91b52bca4130b6ed9edd9fbcfd4671c37,1,21040,40061,19021
0x78c2a1e91b52bca4130b6ed9edd9fbcfd4671c37,2,30531,28153,-2378
0x78c2a1e91b52bca4130b6ed9edd9fbcfd4671c37,count,2,2,0
0x169e59a41ba10600fddd1b0a72921f503b31d96b,1,36443,missing
0x169e59a41ba10600fddd1b0a72921f503b31d96b,9,30021,missing
0x169e59a41ba10600fddd1b0a72921f503b31d96b,138,30021,missing
0x169e59a41ba10600fddd1b0a72921f503b31d96b,count,3,0,-3
0xDf07Fa1b102c00124E96F18Ea612bbbe553f50e1,1,56586,missing
0xDf07Fa1b102c00124E96F18Ea612bbbe553f50e1,2,39474,missing
0xDf07Fa1b102c00124E96F18Ea612bbbe553f50e1,3,39498,missing
0xDf07Fa1b102c00124E96F18Ea612bbbe553f50e1,4,56598,missing
0xDf07Fa1b102c00124E96F18Ea612bbbe553f50e1,5,56598,missing
0xDf07Fa1b102c00124E96F18Ea612bbbe553f50e1,6,56598,missing
0xDf07Fa1b102c00124E96F18Ea612bbbe553f50e1,7,56598,missing
0xDf07Fa1b102c00124E96F18Ea612bbbe553f50e1,8,56598,missing
0xDf07Fa1b102c00124E96F18Ea612bbbe553f50e1,9,56598,missing
0xDf07Fa1b102c00124E96F18Ea612bbbe553f50e1,10,56598,missing
0xDf07Fa1b102c00124E96F18Ea612bbbe553f50e1,11,56598,missing
0xDf07Fa1b102c00124E96F18Ea612bbbe553f50e1,12,56598,missing
0xDf07Fa1b102c00124E96F18Ea612bbbe553f50e1,13,56598,missing
0xDf07Fa1b102c00124E96F18Ea612bbbe553f50e1,14,56598,missing
0xDf07Fa1b102c00124E96F18Ea612bbbe553f50e1,15,56598,missing
0xDf07Fa1b102c00124E96F18Ea612bbbe553f50e1,16,56586,missing
0xDf07Fa1b102c00124E96F18Ea612bbbe553f50e1,17,56598,missing
0xDf07Fa1b102c00124E96F18Ea612bbbe553f50e1,18,56598,missing
0xDf07Fa1b102c00124E96F18Ea612bbbe553f50e1,19,56598,missing
0xDf07Fa1b102c00124E96F18Ea612bbbe553f50e1,20,56598,missing
0xDf07Fa1b102c00124E96F18Ea612bbbe553f50e1,21,56598,missing
0xDf07Fa1b102c00124E96F18Ea612bbbe553f50e1,22,56598,missing
0xDf07Fa1b102c00124E96F18Ea612bbbe553f50e1,23,56586,missing
0xDf07Fa1b102c00124E96F18Ea612bbbe553f50e1,24,56598,missing
0xDf07Fa1b102c00124E96F18Ea612bbbe553f50e1,25,56598,missing
0xDf07Fa1b102c00124E96F18Ea612bbbe553f50e1,26,56598,missing
0xDf07Fa1b102c00124E96F18Ea612bbbe553f50e1,27,56598,missing
0xDf07Fa1b102c00124E96F18Ea612bbbe553f50e1,28,56598,missing
0xDf07Fa1b102c00124E96F18Ea612bbbe553f50e1,29,56598,missing
0xDf07Fa1b102c00124E96F18Ea612bbbe553f50e1,30,56598,missing
0xDf07Fa1b102c00124E96F18Ea612bbbe553f50e1,31,56598,missing
0xDf07Fa1b102c00124E96F18Ea612bbbe553f50e1,32,56598,missing
0xDf07Fa1b102c00124E96F18Ea612bbbe553f50e1,33,56598,missing
0xDf07Fa1b102c00124E96F18Ea612bbbe553f50e1,34,56598,missing
0xDf07Fa1b102c00124E96F18Ea612bbbe553f50e1,35,56598,missing
0xDf07Fa1b102c00124E96F18Ea612bbbe553f50e1,36,56598,missing
0xDf07Fa1b102c00124E96F18Ea612bbbe553f50e1,37,56598,missing
0xDf07Fa1b102c00124E96F18Ea612bbbe553f50e1,38,56598,missing
0xDf07Fa1b102c00124E96F18Ea612bbbe553f50e1,39,56598,missing
0xDf07Fa1b102c00124E96F18Ea612bbbe553f50e1,40,56598,missing
0xDf07Fa1b102c00124E96F18Ea612bbbe553f50e1,41,56598,missing
0xDf07Fa1b102c00124E96F18Ea612bbbe553f50e1,42,56598,missing
0xDf07Fa1b102c00124E96F18Ea612bbbe553f50e1,43,56598,missing
0xDf07Fa1b102c00124E96F18Ea612bbbe553f50e1,44,56598,missing
0xDf07Fa1b102c00124E96F18Ea612bbbe553f50e1,45,56598,missing
0xDf07Fa1b102c00124E96F18Ea612bbbe553f50e1,46,56598,missing
0xDf07Fa1b102c00124E96F18Ea612bbbe553f50e1,47,56598,missing
0xDf07Fa1b102c00124E96F18Ea612bbbe553f50e1,48,56598,missing
0xDf07Fa1b102c00124E96F18Ea612bbbe553f50e1,49,56586,missing
0xDf07Fa1b102c00124E96F18Ea612bbbe553f50e1,50,56598,missing
0xDf07Fa1b102c00124E96F18Ea612bbbe553f50e1,51,56586,missing
0xDf07Fa1b102c00124E96F18Ea612bbbe553f50e1,52,56598,missing
0xDf07Fa1b102c00124E96F18Ea612bbbe553f50e1,53,56598,missing
0xDf07Fa1b102c00124E96F18Ea612bbbe553f50e1,54,56598,missing
0xDf07Fa1b102c00124E96F18Ea612bbbe553f50e1,55,56598,missing
0xDf07Fa1b102c00124E96F18Ea612bbbe553f50e1,56,56598,missing
0xDf07Fa1b102c00124E96F18Ea612bbbe553f50e1,57,56598,missing
0xDf07Fa1b102c00124E96F18Ea612bbbe553f50e1,58,56598,missing
0xDf07Fa1b102c00124E96F18Ea612bbbe553f50e1,59,56598,missing
0xDf07Fa1b102c00124E96F18Ea612bbbe553f50e1,60,56598,missing
0xDf07Fa1b102c00124E96F18Ea612bbbe553f50e1,61,56598,missing
0xDf07Fa1b102c00124E96F18Ea612bbbe553f50e1,62,56598,missing
0xDf07Fa1b102c00124E96F18Ea612bbbe553f50e1,63,56586,missing
0xDf07Fa1b102c00124E96F18Ea612bbbe553f50e1,64,56598,missing
0xDf07Fa1b102c00124E96F18Ea612bbbe553f50e1,65,56598,missing
0xDf07Fa1b102c00124E96F18Ea612bbbe553f50e1,66,56598,missing
0xDf07Fa1b102c00124E96F18Ea612bbbe553f50e1,67,56598,missing
0xDf07Fa1b102c00124E96F18Ea612bbbe553f50e1,68,56598,missing
0xDf07Fa1b102c00124E96F18Ea612bbbe553f50e1,69,56598,missing
0xDf07Fa1b102c00124E96F18Ea612bbbe553f50e1,70,56598,missing
0xDf07Fa1b102c00124E96F18Ea612bbbe553f50e1,71,56598,missing
0xDf07Fa1b102c00124E96F18Ea612bbbe553f50e1,72,56598,missing
0xDf07Fa1b102c00124E96F18Ea612bbbe553f50e1,73,56598,missing
0xDf07Fa1b102c00124E96F18Ea612bbbe553f50e1,74,56598,missing
0xDf07Fa1b102c00124E96F18Ea612bbbe553f50e1,75,56598,missing
0xDf07Fa1b102c00124E96F18Ea612bbbe553f50e1,76,56598,missing
0xDf07Fa1b102c00124E96F18Ea612bbbe553f50e1,77,56598,missing
0xDf07Fa1b102c00124E96F18Ea612bbbe553f50e1,78,56598,missing
0xDf07Fa1b102c00124E96F18Ea612bbbe553f50e1,79,56598,missing
0xDf07Fa1b102c00124E96F18Ea612bbbe553f50e1,80,56598,missing
0xDf07Fa1b102c00124E96F18Ea612bbbe553f50e1,81,56598,missing
0xDf07Fa1b102c00124E96F18Ea612bbbe553f50e1,82,56598,missing
0xDf07Fa1b102c00124E96F18Ea612bbbe553f50e1,83,56598,missing
0xDf07Fa1b102c00124E96F18Ea612bbbe553f50e1,84,56598,missing
0xDf07Fa1b102c00124E96F18Ea612bbbe553f50e1,85,56598,missing
0xDf07Fa1b102c00124E96F18Ea612bbbe553f50e1,86,56598,missing
0xDf07Fa1b102c00124E96F18Ea612bbbe553f50e1,87,56598,missing
0xDf07Fa1b102c00124E96F18Ea612bbbe553f50e1,88,56598,missing
0xDf07Fa1b102c00124E96F18Ea612bbbe553f50e1,89,56598,missing
0xDf07Fa1b102c00124E96F18Ea612bbbe553f50e1,90,56598,missing
0xDf07Fa1b102c00124E96F18Ea612bbbe553f50e1,91,56598,missing
0xDf07Fa1b102c00124E96F18Ea612bbbe553f50e1,92,56598,missing
0xDf07Fa1b102c00124E96F18Ea612bbbe553f50e1,93,56598,missing
0xDf07Fa1b102c00124E96F18Ea612bbbe553f50e1,94,56598,missing
0xDf07Fa1b102c00124E96F18Ea612bbbe553f50e1,95,56598,missing
0xDf07Fa1b102c00124E96F18Ea612bbbe553f50e1,96,39498,missing
0xDf07Fa1b102c00124E96F18Ea612bbbe553f50e1,97,56598,missing
0xDf07Fa1b102c00124E96F18Ea612bbbe553f50e1,98,56598,missing
0xDf07Fa1b102c00124E96F18Ea612bbbe553f50e1,99,56598,missing
0xDf07Fa1b102c00124E96F18Ea612bbbe553f50e1,100,56574,missing
0xDf07Fa1b102c00124E96F18Ea612bbbe553f50e1,101,56598,missing
0xDf07Fa1b102c00124E96F18Ea612bbbe553f50e1,102,56598,missing
0xDf07Fa1b102c00124E96F18Ea612bbbe553f50e1,103,56598,missing
0xDf07Fa1b102c00124E96F18Ea612bbbe553f50e1,104,56598,missing
0xDf07Fa1b102c00124E96F18Ea612bbbe553f50e1,105,56598,missing
0xDf07Fa1b102c00124E96F18Ea612bbbe553f50e1,106,56586,missing
0xDf07Fa1b102c00124E96F18Ea612bbbe553f50e1,107,56598,missing
0xDf07Fa1b102c00124E96F18Ea612bbbe553f50e1,108,56598,missing
0xDf07Fa1b102c00124E96F18Ea612bbbe553f50e1,109,56598,missing
0xDf07Fa1b102c00124E96F18Ea612bbbe553f50e1,110,56598,missing
0xDf07Fa1b102c00124E96F18Ea612bbbe553f50e1,111,56598,missing
0xDf07Fa1b102c00124E96F18Ea612bbbe553f50e1,112,56598,missing
0xDf07Fa1b102c00124E96F18Ea612bbbe553f50e1,113,56598,missing
0xDf07Fa1b102c00124E96F18Ea612bbbe553f50e1,114,56598,missing
0xDf07Fa1b102c00124E96F18Ea612bbbe553f50e1,115,56598,missing
0xDf07Fa1b102c00124E96F18Ea612bbbe553f50e1,116,56586,missing
0xDf07Fa1b102c00124E96F18Ea612bbbe553f50e1,117,56598,missing
0xDf07Fa1b102c00124E96F18Ea612bbbe553f50e1,118,56598,missing
0xDf07Fa1b102c00124E96F18Ea612bbbe553f50e1,119,56598,missing
0xDf07Fa1b102c00124E96F18Ea612bbbe553f50e1,120,56598,missing
0xDf07Fa1b102c00124E96F18Ea612bbbe553f50e1,121,56598,missing
0xDf07Fa1b102c00124E96F18Ea612bbbe553f50e1,122,56598,missing
0xDf07Fa1b102c00124E96F18Ea612bbbe553f50e1,123,56598,missing
0xDf07Fa1b102c00124E96F18Ea612bbbe553f50e1,124,56598,missing
0xDf07Fa1b102c00124E96F18Ea612bbbe553f50e1,125,56598,missing
0xDf07Fa1b102c00124E96F18Ea612bbbe553f50e1,126,56598,missing
0xDf07Fa1b102c00124E96F18Ea612bbbe553f50e1,127,56598,missing
0xDf07Fa1b102c00124E96F18Ea612bbbe553f50e1,128,56598,missing
0xDf07Fa1b102c00124E96F18Ea612bbbe553f50e1,129,56598,missing
0xDf07Fa1b102c00124E96F18Ea612bbbe553f50e1,130,56598,missing
0xDf07Fa1b102c00124E96F18Ea612bbbe553f50e1,131,56598,missing
0xDf07Fa1b102c00124E96F18Ea612bbbe553f50e1,132,56598,missing
0xDf07Fa1b102c00124E96F18Ea612bbbe553f50e1,133,56586,missing
0xDf07Fa1b102c00124E96F18Ea612bbbe553f50e1,134,56598,missing
0xDf07Fa1b102c00124E96F18Ea612bbbe553f50e1,135,56598,missing
0xDf07Fa1b102c00124E96F18Ea612bbbe553f50e1,136,56598,missing
0xDf07Fa1b102c00124E96F18Ea612bbbe553f50e1,137,56598,missing
0xDf07Fa1b102c00124E96F18Ea612bbbe553f50e1,138,56598,missing
0xDf07Fa1b102c00124E96F18Ea612bbbe553f50e1,139,56598,missing
0xDf07Fa1b102c00124E96F18Ea612bbbe553f50e1,140,56598,missing
0xDf07Fa1b102c00124E96F18Ea612bbbe553f50e1,141,56598,missing
0xDf07Fa1b102c00124E96F18Ea612bbbe553f50e1,142,56598,missing
0xDf07Fa1b102c00124E96F18Ea612bbbe553f50e1,143,56598,missing
0xDf07Fa1b102c00124E96F18Ea612bbbe553f50e1,144,56586,missing
0xDf07Fa1b102c00124E96F18Ea612bbbe553f50e1,145,56598,missing
0xDf07Fa1b102c00124E96F18Ea612bbbe553f50e1,146,56598,missing
0xDf07Fa1b102c00124E96F18Ea612bbbe553f50e1,147,39498,missing
0xDf07Fa1b102c00124E96F18Ea612bbbe553f50e1,148,56598,missing
0xDf07Fa1b102c00124E96F18Ea612bbbe553f50e1,149,56586,missing
0xDf07Fa1b102c00124E96F18Ea612bbbe553f50e1,150,56598,missing
0xDf07Fa1b102c00124E96F18Ea612bbbe553f50e1,151,56598,missing
0xDf07Fa1b102c00124E96F18Ea612bbbe553f50e1,152,56598,missing
0xDf07Fa1b102c00124E96F18Ea612bbbe553f50e1,153,56598,missing
0xDf07Fa1b102c00124E96F18Ea612bbbe553f50e1,154,56598,missing
0xDf07Fa1b102c00124E96F18Ea612bbbe553f50e1,155,56598,missing
0xDf07Fa1b102c00124E96F18Ea612bbbe553f50e1,156,56598,missing
0xDf07Fa1b102c00124E96F18Ea612bbbe553f50e1,157,56598,missing
0xDf07Fa1b102c00124E96F18Ea612bbbe553f50e1,158,56586,missing
0xDf07Fa1b102c00124E96F18Ea612bbbe553f50e1,159,56598,missing
0xDf07Fa1b102c00124E96F18Ea612bbbe553f50e1,160,56598,missing
0xDf07Fa1b102c00124E96F18Ea612bbbe553f50e1,161,56586,missing
0xDf07Fa1b102c00124E96F18Ea612bbbe553f50e1,162,56598,missing
0xDf07Fa1b102c00124E96F18Ea612bbbe553f50e1,163,56598,missing
0xDf07Fa1b102c00124E96F18Ea612bbbe553f50e1,164,56586,missing
0xDf07Fa1b102c00124E96F18Ea612bbbe553f50e1,165,56598,missing
0xDf07Fa1b102c00124E96F18Ea612bbbe553f50e1,166,56598,missing
0xDf07Fa1b102c00124E96F18Ea612bbbe553f50e1,167,56598,missing
0xDf07Fa1b102c00124E96F18Ea612bbbe553f50e1,168,56598,missing
0xDf07Fa1b102c00124E96F18Ea612bbbe553f50e1,169,56598,missing
0xDf07Fa1b102c00124E96F18Ea612bbbe553f50e1,170,56598,missing
0xDf07Fa1b102c00124E96F18Ea612bbbe553f50e1,171,56598,missing
0xDf07Fa1b102c00124E96F18Ea612bbbe553f50e1,172,56598,missing
0xDf07Fa1b102c00124E96F18Ea612bbbe553f50e1,173,39498,missing
0xDf07Fa1b102c00124E96F18Ea612bbbe553f50e1,174,39498,missing
0xDf07Fa1b102c00124E96F18Ea612bbbe553f50e1,175,56598,missing
0xDf07Fa1b102c00124E96F18Ea612bbbe553f50e1,176,56598,missing
0xDf07Fa1b102c00124E96F18Ea612bbbe553f50e1,177,56598,missing
0xDf07Fa1b102c00124E96F18Ea612bbbe553f50e1,178,56598,missing
0xDf07Fa1b102c00124E96F18Ea612bbbe553f50e1,179,56598,missing
0xDf07Fa1b102c00124E96F18Ea612bbbe553f50e1,180,56598,missing
0xDf07Fa1b102c00124E96F18Ea612bbbe553f50e1,181,56598,missing
0xDf07Fa1b102c00124E96F18Ea612bbbe553f50e1,182,56598,missing
0xDf07Fa1b102c00124E96F18Ea612bbbe553f50e1,183,56598,missing
0xDf07Fa1b102c00124E96F18Ea612bbbe553f50e1,184,56598,missing
0xDf07Fa1b102c00124E96F18Ea612bbbe553f50e1,185,56598,missing
0xDf07Fa1b102c00124E96F18Ea612bbbe553f50e1,186,56598,missing
0xDf07Fa1b102c00124E96F18Ea612bbbe553f50e1,187,56598,missing
0xDf07Fa1b102c00124E96F18Ea612bbbe553f50e1,188,56598,missing
0xDf07Fa1b102c00124E96F18Ea612bbbe553f50e1,189,56598,missing
0xDf07Fa1b102c00124E96F18Ea612bbbe553f50e1,190,56598,missing
0xDf07Fa1b102c00124E96F18Ea612bbbe553f50e1,191,56586,missing
0xDf07Fa1b102c00124E96F18Ea612bbbe553f50e1,192,56598,missing
0xDf07Fa1b102c00124E96F18Ea612bbbe553f50e1,193,56598,missing
0xDf07Fa1b102c00124E96F18Ea612bbbe553f50e1,194,56586,missing
0xDf07Fa1b102c00124E96F18Ea612bbbe553f50e1,195,56598,missing
0xDf07Fa1b102c00124E96F18Ea612bbbe553f50e1,196,56598,missing
0xDf07Fa1b102c00124E96F18Ea612bbbe553f50e1,197,56598,missing
0xDf07Fa1b102c00124E96F18Ea612bbbe553f50e1,198,56598,missing
0xDf07Fa1b102c00124E96F18Ea612bbbe553f50e1,199,56598,missing
0xDf07Fa1b102c00124E96F18Ea612bbbe553f50e1,200,56598,missing
0xDf07Fa1b102c00124E96F18Ea612bbbe553f50e1,201,56598,missing
0xDf07Fa1b102c00124E96F18Ea612bbbe553f50e1,202,56598,missing
0xDf07Fa1b102c00124E96F18Ea612bbbe553f50e1,203,56598,missing
0xDf07Fa1b102c00124E96F18Ea612bbbe553f50e1,204,56598,missing
0xDf07Fa1b102c00124E96F18Ea612bbbe553f50e1,205,56598,missing
0xDf07Fa1b102c00124E96F18Ea612bbbe553f50e1,206,56598,missing
0xDf07Fa1b102c00124E96F18Ea612bbbe553f50e1,207,56598,missing
0xDf07Fa1b102c00124E96F18Ea612bbbe553f50e1,208,56598,missing
0xDf07Fa1b102c00124E96F18Ea612bbbe553f50e1,209,56598,missing
0xDf07Fa1b102c00124E96F18Ea612bbbe553f50e1,210,56598,missing
0xDf07Fa1b102c00124E96F18Ea612bbbe553f50e1,211,56598,missing
0xDf07Fa1b102c00124E96F18Ea612bbbe553f50e1,212,39498,missing
0xDf07Fa1b102c00124E96F18Ea612bbbe553f50e1,213,56598,missing
0xDf07Fa1b102c00124E96F18Ea612bbbe553f50e1,214,56598,missing
0xDf07Fa1b102c00124E96F18Ea612bbbe553f50e1,215,56598,missing
0xDf07Fa1b102c00124E96F18Ea612bbbe553f50e1,216,56598,missing
0xDf07Fa1b102c00124E96F18Ea612bbbe553f50e1,217,56598,missing
0xDf07Fa1b102c00124E96F18Ea612bbbe553f50e1,218,56598,missing
0xDf07Fa1b102c00124E96F18Ea612bbbe553f50e1,219,56598,missing
0xDf07Fa1b102c00124E96F18Ea612bbbe553f50e1,220,56598,missing
0xDf07Fa1b102c00124E96F18Ea612bbbe553f50e1,221,56598,missing
0xDf07Fa1b102c00124E96F18Ea612bbbe553f50e1,222,56598,missing
0xDf07Fa1b102c00124E96F18Ea612bbbe553f50e1,223,56598,missing
0xDf07Fa1b102c00124E96F18Ea612bbbe553f50e1,224,56598,missing
0xDf07Fa1b102c00124E96F18Ea612bbbe553f50e1,225,56598,missing
0xDf07Fa1b102c00124E96F18Ea612bbbe553f50e1,226,56598,missing
0xDf07Fa1b102c00124E96F18Ea612bbbe553f50e1,227,56598,missing
0xDf07Fa1b102c00124E96F18Ea612bbbe553f50e1,228,56598,missing
0xDf07Fa1b102c00124E96F18Ea612bbbe553f50e1,229,56598,missing
0xDf07Fa1b102c00124E96F18Ea612bbbe553f50e1,230,56598,missing
0xDf07Fa1b102c00124E96F18Ea612bbbe553f50e1,231,56598,missing
0xDf07Fa1b102c00124E96F18Ea612bbbe553f50e1,232,56598,missing
0xDf07Fa1b102c00124E96F18Ea612bbbe553f50e1,233,56598,missing
0xDf07Fa1b102c00124E96F18Ea612bbbe553f50e1,234,56598,missing
0xDf07Fa1b102c00124E96F18Ea612bbbe553f50e1,235,56598,missing
0xDf07Fa1b102c00124E96F18Ea612bbbe553f50e1,236,56598,missing
0xDf07Fa1b102c00124E96F18Ea612bbbe553f50e1,237,56598,missing
0xDf07Fa1b102c00124E96F18Ea612bbbe553f50e1,238,56598,missing
0xDf07Fa1b102c00124E96F18Ea612bbbe553f50e1,239,56598,missing
0xDf07Fa1b102c00124E96F18Ea612bbbe553f50e1,240,39498,missing
0xDf07Fa1b102c00124E96F18Ea612bbbe553f50e1,241,56598,missing
0xDf07Fa1b102c00124E96F18Ea612bbbe553f50e1,242,56598,missing
0xDf07Fa1b102c00124E96F18Ea612bbbe553f50e1,243,56598,missing
0xDf07Fa1b102c00124E96F18Ea612bbbe553f50e1,244,56598,missing
0xDf07Fa1b102c00124E96F18Ea612bbbe553f50e1,245,56598,missing
0xDf07Fa1b102c00124E96F18Ea612bbbe553f50e1,246,56598,missing
0xDf07Fa1b102c00124E96F18Ea612bbbe553f50e1,247,56598,missing
0xDf07Fa1b102c00124E96F18Ea612bbbe553f50e1,248,56598,missing
0xDf07Fa1b102c00124E96F18Ea612bbbe553f50e1,249,56598,missing
0xDf07Fa1b102c00124E96F18Ea612bbbe553f50e1,250,56598,missing
0xDf07Fa1b102c00124E96F18Ea612bbbe553f50e1,251,56574,missing
0xDf07Fa1b102c00124E96F18Ea612bbbe553f50e1,252,56586,missing
0xDf07Fa1b102c00124E96F18Ea612bbbe553f50e1,253,56598,missing
0xDf07Fa1b102c00124E96F18Ea612bbbe553f50e1,254,56598,missing
0xDf07Fa1b102c00124E96F18Ea612bbbe553f50e1,255,39498,missing
0xDf07Fa1b102c00124E96F18Ea612bbbe553f50e1,256,56598,missing
0xDf07Fa1b102c00124E96F18Ea612bbbe553f50e1,257,56598,missing
0xDf07Fa1b102c00124E96F18Ea612bbbe553f50e1,258,56598,missing
0xDf07Fa1b102c00124E96F18Ea612bbbe553f50e1,259,56598,missing
0xDf07Fa1b102c00124E96F18Ea612bbbe553f50e1,260,56598,missing
0xDf07Fa1b102c00124E96F18Ea612bbbe553f50e1,261,56598,missing
0xDf07Fa1b102c00124E96F18Ea612bbbe553f50e1,262,56598,missing
0xDf07Fa1b102c00124E96F18Ea612bbbe553f50e1,263,56598,missing
0xDf07Fa1b102c00124E96F18Ea612bbbe553f50e1,264,56586,missing
0xDf07Fa1b102c00124E96F18Ea612bbbe553f50e1,265,56598,missing
0xDf07Fa1b102c00124E96F18Ea612bbbe553f50e1,266,56598,missing
0xDf07Fa1b102c00124E96F18Ea612bbbe553f50e1,267,56598,missing
0xDf07Fa1b102c00124E96F18Ea612bbbe553f50e1,268,56598,missing
0xDf07Fa1b102c00124E96F18Ea612bbbe553f50e1,269,56598,missing
0xDf07Fa1b102c00124E96F18Ea612bbbe553f50e1,270,56598,missing
0xDf07Fa1b102c00124E96F18Ea612bbbe553f50e1,271,56598,missing
0xDf07Fa1b102c00124E96F18Ea612bbbe553f50e1,272,56598,missing
0xDf07Fa1b102c00124E96F18Ea612bbbe553f50e1,273,56598,missing
0xDf07Fa1b102c00124E96F18Ea612bbbe553f50e1,274,56598,missing
0xDf07Fa1b102c00124E96F18Ea612bbbe553f50e1,275,56598,missing
0xDf07Fa1b102c00124E96F18Ea612bbbe553f50e1,276,56598,missing
0xDf07Fa1b102c00124E96F18Ea612bbbe553f50e1,277,39498,missing
0xDf07Fa1b102c00124E96F18Ea612bbbe553f50e1,278,56586,missing
0xDf07Fa1b102c00124E96F18Ea612bbbe553f50e1,279,56598,missing
0xDf07Fa1b102c00124E96F18Ea612bbbe553f50e1,280,56598,missing
0xDf07Fa1b102c00124E96F18Ea612bbbe553f50e1,281,56598,missing
0xDf07Fa1b102c00124E96F18Ea612bbbe553f50e1,282,39498,missing
0xDf07Fa1b102c00124E96F18Ea612bbbe553f50e1,283,56598,missing
0xDf07Fa1b102c00124E96F18Ea612bbbe553f50e1,284,56598,missing
0xDf07Fa1b102c00124E96F18Ea612bbbe553f50e1,285,56598,missing
0xDf07Fa1b102c00124E96F18Ea612bbbe553f50e1,286,56598,missing
0xDf07Fa1b102c00124E96F18Ea612bbbe553f50e1,287,56598,missing
0xDf07Fa1b102c00124E96F18Ea612bbbe553f50e1,288,56598,missing
0xDf07Fa1b102c00124E96F18Ea612bbbe553f50e1,289,56598,missing
0xDf07Fa1b102c00124E96F18Ea612bbbe553f50e1,290,56598,missing
0xDf07Fa1b102c00124E96F18Ea612bbbe553f50e1,291,56598,missing
0xDf07Fa1b102c00124E96F18Ea612bbbe553f50e1,292,56598,missing
0xDf07Fa1b102c00124E96F18Ea612bbbe553f50e1,293,56598,missing
0xDf07Fa1b102c00124E96F18Ea612bbbe553f50e1,294,56598,missing
0xDf07Fa1b102c00124E96F18Ea612bbbe553f50e1,295,56598,missing
0xDf07Fa1b102c00124E96F18Ea612bbbe553f50e1,296,56598,missing
0xDf07Fa1b102c00124E96F18Ea612bbbe553f50e1,297,56598,missing
0xDf07Fa1b102c00124E96F18Ea612bbbe553f50e1,298,56598,missing
0xDf07Fa1b102c00124E96F18Ea612bbbe553f50e1,299,56598,missing
0xDf07Fa1b102c00124E96F18Ea612bbbe553f50e1,300,56586,missing
0xDf07Fa1b102c00124E96F18Ea612bbbe553f50e1,301,56598,missing
0xDf07Fa1b102c00124E96F18Ea612bbbe553f50e1,302,56598,missing
0xDf07Fa1b102c00124E96F18Ea612bbbe553f50e1,303,56598,missing
0xDf07Fa1b102c00124E96F18Ea612bbbe553f50e1,304,56598,missing
0xDf07Fa1b102c00124E96F18Ea612bbbe553f50e1,305,39498,missing
0xDf07Fa1b102c00124E96F18Ea612bbbe553f50e1,306,56598,missing
0xDf07Fa1b102c00124E96F18Ea612bbbe553f50e1,307,56598,missing
0xDf07Fa1b102c00124E96F18Ea612bbbe553f50e1,308,56598,missing
0xDf07Fa1b102c00124E96F18Ea612bbbe553f50e1,309,56598,missing
0xDf07Fa1b102c00124E96F18Ea612bbbe553f50e1,310,56586,missing
0xDf07Fa1b102c00124E96F18Ea612bbbe553f50e1,311,56598,missing
0xDf07Fa1b102c00124E96F18Ea612bbbe553f50e1,312,56598,missing
0xDf07Fa1b102c00124E96F18Ea612bbbe553f50e1,313,56598,missing
0xDf07Fa1b102c00124E96F18Ea612bbbe553f50e1,314,56598,missing
0xDf07Fa1b102c00124E96F18Ea612bbbe553f50e1,315,39486,missing
0xDf07Fa1b102c00124E96F18Ea612bbbe553f50e1,316,39498,missing
0xDf07Fa1b102c00124E96F18Ea612bbbe553f50e1,317,56598,missing
0xDf07Fa1b102c00124E96F18Ea612bbbe553f50e1,318,56598,missing
0xDf07Fa1b102c00124E96F18Ea612bbbe553f50e1,319,56598,missing
0xDf07Fa1b102c00124E96F18Ea612bbbe553f50e1,320,56586,missing
0xDf07Fa1b102c00124E96F18Ea612bbbe553f50e1,321,56598,missing
0xDf07Fa1b102c00124E96F18Ea612bbbe553f50e1,322,56598,missing
0xDf07Fa1b102c00124E96F18Ea612bbbe553f50e1,323,39498,missing
0xDf07Fa1b102c00124E96F18Ea612bbbe553f50e1,324,56598,missing
0xDf07Fa1b102c00124E96F18Ea612bbbe553f50e1,325,56598,missing
0xDf07Fa1b102c00124E96F18Ea612bbbe553f50e1,326,56586,missing
0xDf07Fa1b102c00124E96F18Ea612bbbe553f50e1,327,56598,missing
0xDf07Fa1b102c00124E96F18Ea612bbbe553f50e1,328,56598,missing
0xDf07Fa1b102c00124E96F18Ea612bbbe553f50e1,329,56598,missing
0xDf07Fa1b102c00124E96F18Ea612bbbe553f50e1,330,56598,missing
0xDf07Fa1b102c00124E96F18Ea612bbbe553f50e1,331,56598,missing
0xDf07Fa1b102c00124E96F18Ea612bbbe553f50e1,332,56598,missing
0xDf07Fa1b102c00124E96F18Ea612bbbe553f50e1,333,56598,missing
0xDf07Fa1b102c00124E96F18Ea612bbbe553f50e1,334,56598,missing
0xDf07Fa1b102c00124E96F18Ea612bbbe553f50e1,335,56598,missing
0xDf07Fa1b102c00124E96F18Ea612bbbe553f50e1,336,56598,missing
0xDf07Fa1b102c00124E96F18Ea612bbbe553f50e1,337,56598,missing
0xDf07Fa1b102c00124E96F18Ea612bbbe553f50e1,338,56598,missing
0xDf07Fa1b102c00124E96F18Ea612bbbe553f50e1,339,56598,missing
0xDf07Fa1b102c00124E96F18Ea612bbbe553f50e1,340,56598,missing
0xDf07Fa1b102c00124E96F18Ea612bbbe553f50e1,341,56598,missing
0xDf07Fa1b102c00124E96F18Ea612bbbe553f50e1,342,56598,missing
0xDf07Fa1b102c00124E96F18Ea612bbbe553f50e1,343,56598,missing
0xDf07Fa1b102c00124E96F18Ea612bbbe553f50e1,344,56598,missing
0xDf07Fa1b102c00124E96F18Ea612bbbe553f50e1,345,56598,missing
0xDf07Fa1b102c00124E96F18Ea612bbbe553f50e1,346,39498,missing
0xDf07Fa1b102c00124E96F18Ea612bbbe553f50e1,347,56598,missing
0xDf07Fa1b102c00124E96F18Ea612bbbe553f50e1,count,347,0,-347
0x0a9A9ce600D08BF9b76F49FA4e7b38A67EBEB1E6,count,0,0,0
0xfdEA2AD97EC5297090c8d945f25a15f17f4C283d,1,117459,missing
0xfdEA2AD97EC5297090c8d945f25a15f17f4C283d,2,117447,missing
0xfdEA2AD97EC5297090c8d945f25a15f17f4C283d,3,35541,missing
0xfdEA2AD97EC5297090c8d945f25a15f17f4C283d,4,77698,missing
0xfdEA2AD97EC5297090c8d945f25a15f17f4C283d,5,40353,missing
0xfdEA2AD97EC5297090c8d945f25a15f17f4C283d,6,97571,missing
0xfdEA2AD97EC5297090c8d945f25a15f17f4C283d,7,64092,missing
0xfdEA2AD97EC5297090c8d945f25a15f17f4C283d,9,97571,missing
0xfdEA2AD97EC5297090c8d945f25a15f17f4C283d,10,97571,missing
0xfdEA2AD97EC5297090c8d945f25a15f17f4C283d,count,9,0,-9
0x4dAA9DC438a77Bd59E8A43C6D46cbfE84cD04255,1,46104,missing
0x4dAA9DC438a77Bd59E8A43C6D46cbfE84cD04255,2,29004,missing
0x4dAA9DC438a77Bd59E8A43C6D46cbfE84cD04255,3,68395,missing
0x4dAA9DC438a77Bd59E8A43C6D46cbfE84cD04255,4,26204,missing
0x4dAA9DC438a77Bd59E8A43C6D46cbfE84cD04255,5,51689,missing
0x4dAA9DC438a77Bd59E8A43C6D46cbfE84cD04255,6,51689,missing
0x4dAA9DC438a77Bd59E8A43C6D46cbfE84cD04255,7,35172,missing
0x4dAA9DC438a77Bd59E8A43C6D46cbfE84cD04255,8,3206486,missing
0x4dAA9DC438a77Bd59E8A43C6D46cbfE84cD04255,9,3206522,missing
0x4dAA9DC438a77Bd59E8A43C6D46cbfE84cD04255,10,3206474,missing
0x4dAA9DC438a77Bd59E8A43C6D46cbfE84cD04255,11,3206522,missing
0x4dAA9DC438a77Bd59E8A43C6D46cbfE84cD04255,12,3206438,missing
0x4dAA9DC438a77Bd59E8A43C6D46cbfE84cD04255,13,3206522,missing
0x4dAA9DC438a77Bd59E8A43C6D46cbfE84cD04255,14,3206438,missing
0x4dAA9DC438a77Bd59E8A43C6D46cbfE84cD04255,15,3206474,missing
0x4dAA9DC438a77Bd59E8A43C6D46cbfE84cD04255,16,3206534,missing
0x4dAA9DC438a77Bd59E8A43C6D46cbfE84cD04255,17,3206450,missing
0x4dAA9DC438a77Bd59E8A43C6D46cbfE84cD04255,18,3206522,missing
0x4dAA9DC438a77Bd59E8A43C6D46cbfE84cD04255,19,3206462,missing
0x4dAA9DC438a77Bd59E8A43C6D46cbfE84cD04255,20,3206498,missing
0x4dAA9DC438a77Bd59E8A43C6D46cbfE84cD04255,21,3206474,missing
0x4dAA9DC438a77Bd59E8A43C6D46cbfE84cD04255,22,3206486,missing
0x4dAA9DC438a77Bd59E8A43C6D46cbfE84cD04255,23,3206474,missing
0x4dAA9DC438a77Bd59E8A43C6D46cbfE84cD04255,24,3206510,missing
0x4dAA9DC438a77Bd59E8A43C6D46cbfE84cD04255,25,3206498,missing
0x4dAA9DC438a77Bd59E8A43C6D46cbfE84cD04255,26,3206558,missing
0x4dAA9DC438a77Bd59E8A43C6D46cbfE84cD04255,27,3206498,missing
0x4dAA9DC438a77Bd59E8A43C6D46cbfE84cD04255,28,3206570,missing
0x4dAA9DC438a77Bd59E8A43C6D46cbfE84cD04255,29,3206486,missing
0x4dAA9DC438a77Bd59E8A43C6D46cbfE84cD04255,30,3206474,missing
0x4dAA9DC438a77Bd59E8A43C6D46cbfE84cD04255,31,3206498,missing
0x4dAA9DC438a77Bd59E8A43C6D46cbfE84cD04255,32,3206510,missing
0x4dAA9DC438a77Bd59E8A43C6D46cbfE84cD04255,33,3206486,missing
0x4dAA9DC438a77Bd59E8A43C6D46cbfE84cD04255,34,3206498,missing
0x4dAA9DC438a77Bd59E8A43C6D46cbfE84cD04255,35,3206450,missing
0x4dAA9DC438a77Bd59E8A43C6D46cbfE84cD04255,36,3206474,missing
0x4dAA9DC438a77Bd59E8A43C6D46cbfE84cD04255,37,3206450,missing
0x4dAA9DC438a77Bd59E8A43C6D46cbfE84cD04255,38,51689,missing
0x4dAA9DC438a77Bd59E8A43C6D46cbfE84cD04255,39,3206426,missing
0x4dAA9DC438a77Bd59E8A43C6D46cbfE84cD04255,40,3206426,missing
0x4dAA9DC438a77Bd59E8A43C6D46cbfE84cD04255,41,3206486,missing
0x4dAA9DC438a77Bd59E8A43C6D46cbfE84cD04255,42,3206450,missing
0x4dAA9DC438a77Bd59E8A43C6D46cbfE84cD04255,43,3206474,missing
0x4dAA9DC438a77Bd59E8A43C6D46cbfE84cD04255,44,3206486,missing
0x4dAA9DC438a77Bd59E8A43C6D46cbfE84cD04255,45,3206438,missing
0x4dAA9DC438a77Bd59E8A43C6D46cbfE84cD04255,46,3206450,missing
0x4dAA9DC438a77Bd59E8A43C6D46cbfE84cD04255,47,3206546,missing
0x4dAA9DC438a77Bd59E8A43C6D46cbfE84cD04255,48,3206462,missing
0x4dAA9DC438a77Bd59E8A43C6D46cbfE84cD04255,49,3206462,missing
0x4dAA9DC438a77Bd59E8A43C6D46cbfE84cD04255,50,3206462,missing
0x4dAA9DC438a77Bd59E8A43C6D46cbfE84cD04255,51,3189422,missing
0x4dAA9DC438a77Bd59E8A43C6D46cbfE84cD04255,52,3206462,missing
0x4dAA9DC438a77Bd59E8A43C6D46cbfE84cD04255,53,3206498,missing
0x4dAA9DC438a77Bd59E8A43C6D46cbfE84cD04255,54,3206486,missing
0x4dAA9DC438a77Bd59E8A43C6D46cbfE84cD04255,55,3206450,missing
0x4dAA9DC438a77Bd59E8A43C6D46cbfE84cD04255,56,3206438,missing
0x4dAA9DC438a77Bd59E8A43C6D46cbfE84cD04255,57,3206450,missing
0x4dAA9DC438a77Bd59E8A43C6D46cbfE84cD04255,58,3206486,missing
0x4dAA9DC438a77Bd59E8A43C6D46cbfE84cD04255,59,3189410,missing
0x4dAA9DC438a77Bd59E8A43C6D46cbfE84cD04255,60,3206498,missing
0x4dAA9DC438a77Bd59E8A43C6D46cbfE84cD04255,61,3189410,missing
0x4dAA9DC438a77Bd59E8A43C6D46cbfE84cD04255,62,3206474,missing
0x4dAA9DC438a77Bd59E8A43C6D46cbfE84cD04255,63,3206450,missing
0x4dAA9DC438a77Bd59E8A43C6D46cbfE84cD04255,64,2585561,missing
0x4dAA9DC438a77Bd59E8A43C6D46cbfE84cD04255,65,3206486,missing
0x4dAA9DC438a77Bd59E8A43C6D46cbfE84cD04255,66,3189362,missing
0x4dAA9DC438a77Bd59E8A43C6D46cbfE84cD04255,67,3189386,missing
0x4dAA9DC438a77Bd59E8A43C6D46cbfE84cD04255,68,3206522,missing
0x4dAA9DC438a77Bd59E8A43C6D46cbfE84cD04255,69,3206498,missing
0x4dAA9DC438a77Bd59E8A43C6D46cbfE84cD04255,70,3206474,missing
0x4dAA9DC438a77Bd59E8A43C6D46cbfE84cD04255,71,3206498,missing
0x4dAA9DC438a77Bd59E8A43C6D46cbfE84cD04255,72,3189410,missing
0x4dAA9DC438a77Bd59E8A43C6D46cbfE84cD04255,73,3206462,missing
0x4dAA9DC438a77Bd59E8A43C6D46cbfE84cD04255,74,3206582,missing
0x4dAA9DC438a77Bd59E8A43C6D46cbfE84cD04255,75,3206546,missing
0x4dAA9DC438a77Bd59E8A43C6D46cbfE84cD04255,76,3206522,missing
0x4dAA9DC438a77Bd59E8A43C6D46cbfE84cD04255,77,3206462,missing
0x4dAA9DC438a77Bd59E8A43C6D46cbfE84cD04255,78,3206522,missing
0x4dAA9DC438a77Bd59E8A43C6D46cbfE84cD04255,79,3206462,missing
0x4dAA9DC438a77Bd59E8A43C6D46cbfE84cD04255,80,3206474,missing
0x4dAA9DC438a77Bd59E8A43C6D46cbfE84cD04255,81,3206474,missing
0x4dAA9DC438a77Bd59E8A43C6D46cbfE84cD04255,82,3206510,missing
0x4dAA9DC438a77Bd59E8A43C6D46cbfE84cD04255,83,3206510,missing
0x4dAA9DC438a77Bd59E8A43C6D46cbfE84cD04255,84,3206522,missing
0x4dAA9DC438a77Bd59E8A43C6D46cbfE84cD04255,85,3206474,missing
0x4dAA9DC438a77Bd59E8A43C6D46cbfE84cD04255,86,3206510,missing
0x4dAA9DC438a77Bd59E8A43C6D46cbfE84cD04255,87,3206486,missing
0x4dAA9DC438a77Bd59E8A43C6D46cbfE84cD04255,88,3206510,missing
0x4dAA9DC438a77Bd59E8A43C6D46cbfE84cD04255,89,3206546,missing
0x4dAA9DC438a77Bd59E8A43C6D46cbfE84cD04255,90,3206486,missing
0x4dAA9DC438a77Bd59E8A43C6D46cbfE84cD04255,91,3206414,missing
0x4dAA9DC438a77Bd59E8A43C6D46cbfE84cD04255,92,3189410,missing
0x4dAA9DC438a77Bd59E8A43C6D46cbfE84cD04255,93,3206510,missing
0x4dAA9DC438a77Bd59E8A43C6D46cbfE84cD04255,94,3206510,missing
0x4dAA9DC438a77Bd59E8A43C6D46cbfE84cD04255,95,3206534,missing
0x4dAA9DC438a77Bd59E8A43C6D46cbfE84cD04255,96,3206486,missing
0x4dAA9DC438a77Bd59E8A43C6D46cbfE84cD04255,97,3206450,missing
0x4dAA9DC438a77Bd59E8A43C6D46cbfE84cD04255,98,3206486,missing
0x4dAA9DC438a77Bd59E8A43C6D46cbfE84cD04255,99,3206426,missing
0x4dAA9DC438a77Bd59E8A43C6D46cbfE84cD04255,100,3206486,missing
0x4dAA9DC438a77Bd59E8A43C6D46cbfE84cD04255,101,3206486,missing
0x4dAA9DC438a77Bd59E8A43C6D46cbfE84cD04255,102,3206414,missing
0x4dAA9DC438a77Bd59E8A43C6D46cbfE84cD04255,103,3172214,missing
0x4dAA9DC438a77Bd59E8A43C6D46cbfE84cD04255,104,3206474,missing
0x4dAA9DC438a77Bd59E8A43C6D46cbfE84cD04255,105,3206450,missing
0x4dAA9DC438a77Bd59E8A43C6D46cbfE84cD04255,106,3206486,missing
0x4dAA9DC438a77Bd59E8A43C6D46cbfE84cD04255,107,3206510,missing
0x4dAA9DC438a77Bd59E8A43C6D46cbfE84cD04255,108,3155114,missing
0x4dAA9DC438a77Bd59E8A43C6D46cbfE84cD04255,109,3206498,missing
0x4dAA9DC438a77Bd59E8A43C6D46cbfE84cD04255,110,3206486,missing
0x4dAA9DC438a77Bd59E8A43C6D46cbfE84cD04255,111,3206510,missing
0x4dAA9DC438a77Bd59E8A43C6D46cbfE84cD04255,112,325467,missing
0x4dAA9DC438a77Bd59E8A43C6D46cbfE84cD04255,113,3206534,missing
0x4dAA9DC438a77Bd59E8A43C6D46cbfE84cD04255,114,3189446,missing
0x4dAA9DC438a77Bd59E8A43C6D46cbfE84cD04255,115,52272,missing
0x4dAA9DC438a77Bd59E8A43C6D46cbfE84cD04255,194,46025,missing
0x4dAA9DC438a77Bd59E8A43C6D46cbfE84cD04255,195,46397,missing
0x4dAA9DC438a77Bd59E8A43C6D46cbfE84cD04255,196,24113,missing
0x4dAA9DC438a77Bd59E8A43C6D46cbfE84cD04255,202,46025,missing
0x4dAA9DC438a77Bd59E8A43C6D46cbfE84cD04255,203,29004,missing
0x4dAA9DC438a77Bd59E8A43C6D46cbfE84cD04255,204,34589,missing
0x4dAA9DC438a77Bd59E8A43C6D46cbfE84cD04255,205,34589,missing
0x4dAA9DC438a77Bd59E8A43C6D46cbfE84cD04255,206,51689,missing
0x4dAA9DC438a77Bd59E8A43C6D46cbfE84cD04255,207,51689,missing
0x4dAA9DC438a77Bd59E8A43C6D46cbfE84cD04255,208,51689,missing
0x4dAA9DC438a77Bd59E8A43C6D46cbfE84cD04255,209,51689,missing
0x4dAA9DC438a77Bd59E8A43C6D46cbfE84cD04255,210,34589,missing
0x4dAA9DC438a77Bd59E8A43C6D46cbfE84cD04255,211,34589,missing
0x4dAA9DC438a77Bd59E8A43C6D46cbfE84cD04255,212,34589,missing
0x4dAA9DC438a77Bd59E8A43C6D46cbfE84cD04255,213,46397,missing
0x4dAA9DC438a77Bd59E8A43C6D46cbfE84cD04255,214,34589,missing
0x4dAA9DC438a77Bd59E8A43C6D46cbfE84cD04255,215,34565,missing
0x4dAA9DC438a77Bd59E8A43C6D46cbfE84cD04255,216,34589,missing
0x4dAA9DC438a77Bd59E8A43C6D46cbfE84cD04255,217,34589,missing
0x4dAA9DC438a77Bd59E8A43C6D46cbfE84cD04255,250,46037,missing
0x4dAA9DC438a77Bd59E8A43C6D46cbfE84cD04255,251,46037,missing
0x4dAA9DC438a77Bd59E8A43C6D46cbfE84cD04255,252,74309,missing
0x4dAA9DC438a77Bd59E8A43C6D46cbfE84cD04255,253,74309,missing
0x4dAA9DC438a77Bd59E8A43C6D46cbfE84cD04255,254,74297,missing
0x4dAA9DC438a77Bd59E8A43C6D46cbfE84cD04255,259,28977,missing
0x4dAA9DC438a77Bd59E8A43C6D46cbfE84cD04255,262,28992,missing
0x4dAA9DC438a77Bd59E8A43C6D46cbfE84cD04255,274,24836,missing
0x4dAA9DC438a77Bd59E8A43C6D46cbfE84cD04255,275,28977,missing
0x4dAA9DC438a77Bd59E8A43C6D46cbfE84cD04255,276,28977,missing
0x4dAA9DC438a77Bd59E8A43C6D46cbfE84cD04255,277,28977,missing
0x4dAA9DC438a77Bd59E8A43C6D46cbfE84cD04255,281,28977,missing
0x4dAA9DC438a77Bd59E8A43C6D46cbfE84cD04255,282,28977,missing
0x4dAA9DC438a77Bd59E8A43C6D46cbfE84cD04255,283,28977,missing
0x4dAA9DC438a77Bd59E8A43C6D46cbfE84cD04255,284,28977,missing
0x4dAA9DC438a77Bd59E8A43C6D46cbfE84cD04255,288,28977,missing
0x4dAA9DC438a77Bd59E8A43C6D46cbfE84cD04255,290,29560,missing
0x4dAA9DC438a77Bd59E8A43C6D46cbfE84cD04255,291,29560,missing
0x4dAA9DC438a77Bd59E8A43C6D46cbfE84cD04255,292,34497,missing
0x4dAA9DC438a77Bd59E8A43C6D46cbfE84cD04255,293,34497,missing
0x4dAA9DC438a77Bd59E8A43C6D46cbfE84cD04255,294,51689,missing
0x4dAA9DC438a77Bd59E8A43C6D46cbfE84cD04255,295,34589,missing
0x4dAA9DC438a77Bd59E8A43C6D46cbfE84cD04255,296,34589,missing
0x4dAA9DC438a77Bd59E8A43C6D46cbfE84cD04255,297,34589,missing
0x4dAA9DC438a77Bd59E8A43C6D46cbfE84cD04255,298,34589,missing
0x4dAA9DC438a77Bd59E8A43C6D46cbfE84cD04255,299,34589,missing
0x4dAA9DC438a77Bd59E8A43C6D46cbfE84cD04255,300,34589,missing
0x4dAA9DC438a77Bd59E8A43C6D46cbfE84cD04255,301,34589,missing
0x4dAA9DC438a77Bd59E8A43C6D46cbfE84cD04255,count,162,0,-162
0xDe39E5E5a1B0eEB3Afe717D6d011CaE88D19451e,1,46304,missing
0xDe39E5E5a1B0eEB3Afe717D6d011CaE88D19451e,3,46304,missing
0xDe39E5E5a1B0eEB3Afe717D6d011CaE88D19451e,4,46304,missing
0xDe39E5E5a1B0eEB3Afe717D6d011CaE88D19451e,6,26862,missing
0xDe39E5E5a1B0eEB3Afe717D6d011CaE88D19451e,8,26862,missing
0xDe39E5E5a1B0eEB3Afe717D6d011CaE88D19451e,10,46304,missing
0xDe39E5E5a1B0eEB3Afe717D6d011CaE88D19451e,15,46304,missing
0xDe39E5E5a1B0eEB3Afe717D6d011CaE88D19451e,18,26862,missing
0xDe39E5E5a1B0eEB3Afe717D6d011CaE88D19451e,19,46304,missing
0xDe39E5E5a1B0eEB3Afe717D6d011CaE88D19451e,20,46304,missing
0xDe39E5E5a1B0eEB3Afe717D6d011CaE88D19451e,21,46304,missing
0xDe39E5E5a1B0eEB3Afe717D6d011CaE88D19451e,25,46304,missing
0xDe39E5E5a1B0eEB3Afe717D6d011CaE88D19451e,27,26862,missing
0xDe39E5E5a1B0eEB3Afe717D6d011CaE88D19451e,28,46304,missing
0xDe39E5E5a1B0eEB3Afe717D6d011CaE88D19451e,31,46304,missing
0xDe39E5E5a1B0eEB3Afe717D6d011CaE88D19451e,33,46304,missing
0xDe39E5E5a1B0eEB3Afe717D6d011CaE88D19451e,36,26862,missing
0xDe39E5E5a1B0eEB3Afe717D6d011CaE88D19451e,38,46292,missing
0xDe39E5E5a1B0eEB3Afe717D6d011CaE88D19451e,39,46304,missing
0xDe39E5E5a1B0eEB3Afe717D6d011CaE88D19451e,44,46304,missing
0xDe39E5E5a1B0eEB3Afe717D6d011CaE88D19451e,48,46304,missing
0xDe39E5E5a1B0eEB3Afe717D6d011CaE88D19451e,50,26862,missing
0xDe39E5E5a1B0eEB3Afe717D6d011CaE88D19451e,54,46304,missing
0xDe39E5E5a1B0eEB3Afe717D6d011CaE88D19451e,55,46304,missing
0xDe39E5E5a1B0eEB3Afe717D6d011CaE88D19451e,61,46304,missing
0xDe39E5E5a1B0eEB3Afe717D6d011CaE88D19451e,66,26862,missing
0xDe39E5E5a1B0eEB3Afe717D6d011CaE88D19451e,67,26862,missing
0xDe39E5E5a1B0eEB3Afe717D6d011CaE88D19451e,68,26862,missing
0xDe39E5E5a1B0eEB3Afe717D6d011CaE88D19451e,69,26862,missing
0xDe39E5E5a1B0eEB3Afe717D6d011CaE88D19451e,70,26862,missing
0xDe39E5E5a1B0eEB3Afe717D6d011CaE88D19451e,71,46304,missing
0xDe39E5E5a1B0eEB3Afe717D6d011CaE88D19451e,72,26874,missing
0xDe39E5E5a1B0eEB3Afe717D6d011CaE88D19451e,73,26874,missing
0xDe39E5E5a1B0eEB3Afe717D6d011CaE88D19451e,74,26862,missing
0xDe39E5E5a1B0eEB3Afe717D6d011CaE88D19451e,75,46304,missing
0xDe39E5E5a1B0eEB3Afe717D6d011CaE88D19451e,76,46316,missing
0xDe39E5E5a1B0eEB3Afe717D6d011CaE88D19451e,77,46304,missing
0xDe39E5E5a1B0eEB3Afe717D6d011CaE88D19451e,78,46304,missing
0xDe39E5E5a1B0eEB3Afe717D6d011CaE88D19451e,79,26862,missing
0xDe39E5E5a1B0eEB3Afe717D6d011CaE88D19451e,80,26862,missing
0xDe39E5E5a1B0eEB3Afe717D6d011CaE88D19451e,81,26862,missing
0xDe39E5E5a1B0eEB3Afe717D6d011CaE88D19451e,82,26862,missing
0xDe39E5E5a1B0eEB3Afe717D6d011CaE88D19451e,83,26862,missing
0xDe39E5E5a1B0eEB3Afe717D6d011CaE88D19451e,84,46304,missing
0xDe39E5E5a1B0eEB3Afe717D6d011CaE88D19451e,85,26862,missing
0xDe39E5E5a1B0eEB3Afe717D6d011CaE88D19451e,86,26850,missing
0xDe39E5E5a1B0eEB3Afe717D6d011CaE88D19451e,87,26862,missing
0xDe39E5E5a1B0eEB3Afe717D6d011CaE88D19451e,88,46304,missing
0xDe39E5E5a1B0eEB3Afe717D6d011CaE88D19451e,89,46304,missing
0xDe39E5E5a1B0eEB3Afe717D6d011CaE88D19451e,90,46304,missing
0xDe39E5E5a1B0eEB3Afe717D6d011CaE88D19451e,91,26862,missing
0xDe39E5E5a1B0eEB3Afe717D6d011CaE88D19451e,92,26862,missing
0xDe39E5E5a1B0eEB3Afe717D6d011CaE88D19451e,93,46304,missing
0xDe39E5E5a1B0eEB3Afe717D6d011CaE88D19451e,94,26862,missing
0xDe39E5E5a1B0eEB3Afe717D6d011CaE88D19451e,95,26862,missing
0xDe39E5E5a1B0eEB3Afe717D6d011CaE88D19451e,96,46304,missing
0xDe39E5E5a1B0eEB3Afe717D6d011CaE88D19451e,97,26862,missing
0xDe39E5E5a1B0eEB3Afe717D6d011CaE88D19451e,98,26862,missing
0xDe39E5E5a1B0eEB3Afe717D6d011CaE88D19451e,99,26862,missing
0xDe39E5E5a1B0eEB3Afe717D6d011CaE88D19451e,100,26862,missing
0xDe39E5E5a1B0eEB3Afe717D6d011CaE88D19451e,101,26862,missing
0xDe39E5E5a1B0eEB3Afe717D6d011CaE88D19451e,102,46304,missing
0xDe39E5E5a1B0eEB3Afe717D6d011CaE88D19451e,103,26862,missing
0xDe39E5E5a1B0eEB3Afe717D6d011CaE88D19451e,104,46304,missing
0xDe39E5E5a1B0eEB3Afe717D6d011CaE88D19451e,105,26862,missing
0xDe39E5E5a1B0eEB3Afe717D6d011CaE88D19451e,106,46304,missing
0xDe39E5E5a1B0eEB3Afe717D6d011CaE88D19451e,107,46304,missing
0xDe39E5E5a1B0eEB3Afe717D6d011CaE88D19451e,108,26862,missing
0xDe39E5E5a1B0eEB3Afe717D6d011CaE88D19451e,109,46304,missing
0xDe39E5E5a1B0eEB3Afe717D6d011CaE88D19451e,110,46304,missing
0xDe39E5E5a1B0eEB3Afe717D6d011CaE88D19451e,111,26862,missing
0xDe39E5E5a1B0eEB3Afe717D6d011CaE88D19451e,112,46304,missing
0xDe39E5E5a1B0eEB3Afe717D6d011CaE88D19451e,113,26862,missing
0xDe39E5E5a1B0eEB3Afe717D6d011CaE88D19451e,114,46304,missing
0xDe39E5E5a1B0eEB3Afe717D6d011CaE88D19451e,115,26862,missing
0xDe39E5E5a1B0eEB3Afe717D6d011CaE88D19451e,116,46304,missing
0xDe39E5E5a1B0eEB3Afe717D6d011CaE88D19451e,117,46304,missing
0xDe39E5E5a1B0eEB3Afe717D6d011CaE88D19451e,118,46304,missing
0xDe39E5E5a1B0eEB3Afe717D6d011CaE88D19451e,119,46304,missing
0xDe39E5E5a1B0eEB3Afe717D6d011CaE88D19451e,120,46304,missing
0xDe39E5E5a1B0eEB3Afe717D6d011CaE88D19451e,121,26862,missing
0xDe39E5E5a1B0eEB3Afe717D6d011CaE88D19451e,122,46304,missing
0xDe39E5E5a1B0eEB3Afe717D6d011CaE88D19451e,123,46304,missing
0xDe39E5E5a1B0eEB3Afe717D6d011CaE88D19451e,124,26862,missing
0xDe39E5E5a1B0eEB3Afe717D6d011CaE88D19451e,125,46304,missing
0xDe39E5E5a1B0eEB3Afe717D6d011CaE88D19451e,126,46304,missing
0xDe39E5E5a1B0eEB3Afe717D6d011CaE88D19451e,127,26862,missing
0xDe39E5E5a1B0eEB3Afe717D6d011CaE88D19451e,128,46304,missing
0xDe39E5E5a1B0eEB3Afe717D6d011CaE88D19451e,129,26862,missing
0xDe39E5E5a1B0eEB3Afe717D6d011CaE88D19451e,130,46304,missing
0xDe39E5E5a1B0eEB3Afe717D6d011CaE88D19451e,131,46304,missing
0xDe39E5E5a1B0eEB3Afe717D6d011CaE88D19451e,132,26862,missing
0xDe39E5E5a1B0eEB3Afe717D6d011CaE88D19451e,133,46304,missing
0xDe39E5E5a1B0eEB3Afe717D6d011CaE88D19451e,134,26862,missing
0xDe39E5E5a1B0eEB3Afe717D6d011CaE88D19451e,135,46304,missing
0xDe39E5E5a1B0eEB3Afe717D6d011CaE88D19451e,136,26862,missing
0xDe39E5E5a1B0eEB3Afe717D6d011CaE88D19451e,137,46304,missing
0xDe39E5E5a1B0eEB3Afe717D6d011CaE88D19451e,138,26862,missing
0xDe39E5E5a1B0eEB3Afe717D6d011CaE88D19451e,139,26862,missing
0xDe39E5E5a1B0eEB3Afe717D6d011CaE88D19451e,140,46304,missing
0xDe39E5E5a1B0eEB3Afe717D6d011CaE88D19451e,141,26862,missing
0xDe39E5E5a1B0eEB3Afe717D6d011CaE88D19451e,143,46304,missing
0xDe39E5E5a1B0eEB3Afe717D6d011CaE88D19451e,145,26862,missing
0xDe39E5E5a1B0eEB3Afe717D6d011CaE88D19451e,146,46304,missing
0xDe39E5E5a1B0eEB3Afe717D6d011CaE88D19451e,147,46304,missing
0xDe39E5E5a1B0eEB3Afe717D6d011CaE88D19451e,148,46304,missing
0xDe39E5E5a1B0eEB3Afe717D6d011CaE88D19451e,149,26862,missing
0xDe39E5E5a1B0eEB3Afe717D6d011CaE88D19451e,150,26862,missing
0xDe39E5E5a1B0eEB3Afe717D6d011CaE88D19451e,151,26862,missing
0xDe39E5E5a1B0eEB3Afe717D6d011CaE88D19451e,152,26862,missing
0xDe39E5E5a1B0eEB3Afe717D6d011CaE88D19451e,153,26862,missing
0xDe39E5E5a1B0eEB3Afe717D6d011CaE88D19451e,154,26862,missing
0xDe39E5E5a1B0eEB3Afe717D6d011CaE88D19451e,155,26862,missing
0xDe39E5E5a1B0eEB3Afe717D6d011CaE88D19451e,156,26862,missing
0xDe39E5E5a1B0eEB3Afe717D6d011CaE88D19451e,157,46316,missing
0xDe39E5E5a1B0eEB3Afe717D6d011CaE88D19451e,158,26862,missing
0xDe39E5E5a1B0eEB3Afe717D6d011CaE88D19451e,159,26862,missing
0xDe39E5E5a1B0eEB3Afe717D6d011CaE88D19451e,160,46304,missing
0xDe39E5E5a1B0eEB3Afe717D6d011CaE88D19451e,161,24305,missing
0xDe39E5E5a1B0eEB3Afe717D6d011CaE88D19451e,162,46304,missing
0xDe39E5E5a1B0eEB3Afe717D6d011CaE88D19451e,163,46304,missing
0xDe39E5E5a1B0eEB3Afe717D6d011CaE88D19451e,164,26862,missing
0xDe39E5E5a1B0eEB3Afe717D6d011CaE88D19451e,165,26862,missing
0xDe39E5E5a1B0eEB3Afe717D6d011CaE88D19451e,166,26862,missing
0xDe39E5E5a1B0eEB3Afe717D6d011CaE88D19451e,167,46304,missing
0xDe39E5E5a1B0eEB3Afe717D6d011CaE88D19451e,168,46304,missing
0xDe39E5E5a1B0eEB3Afe717D6d011CaE88D19451e,169,46304,missing
0xDe39E5E5a1B0eEB3Afe717D6d011CaE88D19451e,170,46304,missing
0xDe39E5E5a1B0eEB3Afe717D6d011CaE88D19451e,171,46304,missing
0xDe39E5E5a1B0eEB3Afe717D6d011CaE88D19451e,172,46304,missing
0xDe39E5E5a1B0eEB3Afe717D6d011CaE88D19451e,173,46304,missing
0xDe39E5E5a1B0eEB3Afe717D6d011CaE88D19451e,174,46304,missing
0xDe39E5E5a1B0eEB3Afe717D6d011CaE88D19451e,175,46304,missing
0xDe39E5E5a1B0eEB3Afe717D6d011CaE88D19451e,176,46304,missing
0xDe39E5E5a1B0eEB3Afe717D6d011CaE88D19451e,177,46304,missing
0xDe39E5E5a1B0eEB3Afe717D6d011CaE88D19451e,178,46304,missing
0xDe39E5E5a1B0eEB3Afe717D6d011CaE88D19451e,179,46304,missing
0xDe39E5E5a1B0eEB3Afe717D6d011CaE88D19451e,180,46304,missing
0xDe39E5E5a1B0eEB3Afe717D6d011CaE88D19451e,181,26862,missing
0xDe39E5E5a1B0eEB3Afe717D6d011CaE88D19451e,182,26862,missing
0xDe39E5E5a1B0eEB3Afe717D6d011CaE88D19451e,183,46304,missing
0xDe39E5E5a1B0eEB3Afe717D6d011CaE88D19451e,184,26862,missing
0xDe39E5E5a1B0eEB3Afe717D6d011CaE88D19451e,185,26862,missing
0xDe39E5E5a1B0eEB3Afe717D6d011CaE88D19451e,186,46304,missing
0xDe39E5E5a1B0eEB3Afe717D6d011CaE88D19451e,187,46304,missing
0xDe39E5E5a1B0eEB3Afe717D6d011CaE88D19451e,188,26862,missing
0xDe39E5E5a1B0eEB3Afe717D6d011CaE88D19451e,189,46304,missing
0xDe39E5E5a1B0eEB3Afe717D6d011CaE88D19451e,190,46304,missing
0xDe39E5E5a1B0eEB3Afe717D6d011CaE88D19451e,191,46304,missing
0xDe39E5E5a1B0eEB3Afe717D6d011CaE88D19451e,192,46304,missing
0xDe39E5E5a1B0eEB3Afe717D6d011CaE88D19451e,193,26862,missing
0xDe39E5E5a1B0eEB3Afe717D6d011CaE88D19451e,194,46304,missing
0xDe39E5E5a1B0eEB3Afe717D6d011CaE88D19451e,195,26862,missing
0xDe39E5E5a1B0eEB3Afe717D6d011CaE88D19451e,196,46304,missing
0xDe39E5E5a1B0eEB3Afe717D6d011CaE88D19451e,197,46304,missing
0xDe39E5E5a1B0eEB3Afe717D6d011CaE88D19451e,198,46304,missing
0xDe39E5E5a1B0eEB3Afe717D6d011CaE88D19451e,199,46304,missing
0xDe39E5E5a1B0eEB3Afe717D6d011CaE88D19451e,200,26862,missing
0xDe39E5E5a1B0eEB3Afe717D6d011CaE88D19451e,201,46304,missing
0xDe39E5E5a1B0eEB3Afe717D6d011CaE88D19451e,202,46304,missing
0xDe39E5E5a1B0eEB3Afe717D6d011CaE88D19451e,203,46304,missing
0xDe39E5E5a1B0eEB3Afe717D6d011CaE88D19451e,204,46304,missing
0xDe39E5E5a1B0eEB3Afe717D6d011CaE88D19451e,205,46304,missing
0xDe39E5E5a1B0eEB3Afe717D6d011CaE88D19451e,206,46304,missing
0xDe39E5E5a1B0eEB3Afe717D6d011CaE88D19451e,207,46304,missing
0xDe39E5E5a1B0eEB3Afe717D6d011CaE88D19451e,208,46304,missing
0xDe39E5E5a1B0eEB3Afe717D6d011CaE88D19451e,209,46304,missing
0xDe39E5E5a1B0eEB3Afe717D6d011CaE88D19451e,215,46304,missing
0xDe39E5E5a1B0eEB3Afe717D6d011CaE88D19451e,216,46304,missing
0xDe39E5E5a1B0eEB3Afe717D6d011CaE88D19451e,217,26862,missing
0xDe39E5E5a1B0eEB3Afe717D6d011CaE88D19451e,218,46304,missing
0xDe39E5E5a1B0eEB3Afe717D6d011CaE88D19451e,219,46304,missing
0xDe39E5E5a1B0eEB3Afe717D6d011CaE88D19451e,220,26862,missing
0xDe39E5E5a1B0eEB3Afe717D6d011CaE88D19451e,221,46304,missing
0xDe39E5E5a1B0eEB3Afe717D6d011CaE88D19451e,222,46304,missing
0xDe39E5E5a1B0eEB3Afe717D6d011CaE88D19451e,223,46304,missing
0xDe39E5E5a1B0eEB3Afe717D6d011CaE88D19451e,224,46304,missing
0xDe39E5E5a1B0eEB3Afe717D6d011CaE88D19451e,225,26862,missing
0xDe39E5E5a1B0eEB3Afe717D6d011CaE88D19451e,226,46304,missing
0xDe39E5E5a1B0eEB3Afe717D6d011CaE88D19451e,227,24293,missing
0xDe39E5E5a1B0eEB3Afe717D6d011CaE88D19451e,228,46304,missing
0xDe39E5E5a1B0eEB3Afe717D6d011CaE88D19451e,229,46304,missing
0xDe39E5E5a1B0eEB3Afe717D6d011CaE88D19451e,230,46304,missing
0xDe39E5E5a1B0eEB3Afe717D6d011CaE88D19451e,231,26862,missing
0xDe39E5E5a1B0eEB3Afe717D6d011CaE88D19451e,232,46304,missing
0xDe39E5E5a1B0eEB3Afe717D6d011CaE88D19451e,233,46304,missing
0xDe39E5E5a1B0eEB3Afe717D6d011CaE88D19451e,234,24281,missing
0xDe39E5E5a1B0eEB3Afe717D6d011CaE88D19451e,235,46316,missing
0xDe39E5E5a1B0eEB3Afe717D6d011CaE88D19451e,236,46304,missing
0xDe39E5E5a1B0eEB3Afe717D6d011CaE88D19451e,237,46304,missing
0xDe39E5E5a1B0eEB3Afe717D6d011CaE88D19451e,238,46304,missing
0xDe39E5E5a1B0eEB3Afe717D6d011CaE88D19451e,239,46304,missing
0xDe39E5E5a1B0eEB3Afe717D6d011CaE88D19451e,240,26862,missing
0xDe39E5E5a1B0eEB3Afe717D6d011CaE88D19451e,241,26862,missing
0xDe39E5E5a1B0eEB3Afe717D6d011CaE88D19451e,242,46304,missing
0xDe39E5E5a1B0eEB3Afe717D6d011CaE88D19451e,243,26862,missing
0xDe39E5E5a1B0eEB3Afe717D6d011CaE88D19451e,244,26862,missing
0xDe39E5E5a1B0eEB3Afe717D6d011CaE88D19451e,245,46304,missing
0xDe39E5E5a1B0eEB3Afe717D6d011CaE88D19451e,246,46304,missing
0xDe39E5E5a1B0eEB3Afe717D6d011CaE88D19451e,247,46304,missing
0xDe39E5E5a1B0eEB3Afe717D6d011CaE88D19451e,248,26862,missing
0xDe39E5E5a1B0eEB3Afe717D6d011CaE88D19451e,249,26862,missing
0xDe39E5E5a1B0eEB3Afe717D6d011CaE88D19451e,250,46304,missing
0xDe39E5E5a1B0eEB3Afe717D6d011CaE88D19451e,251,46304,missing
0xDe39E5E5a1B0eEB3Afe717D6d011CaE88D19451e,252,46304,missing
0xDe39E5E5a1B0eEB3Afe717D6d011CaE88D19451e,253,26862,missing
0xDe39E5E5a1B0eEB3Afe717D6d011CaE88D19451e,254,26862,missing
0xDe39E5E5a1B0eEB3Afe717D6d011CaE88D19451e,255,46304,missing
0xDe39E5E5a1B0eEB3Afe717D6d011CaE88D19451e,256,46304,missing
0xDe39E5E5a1B0eEB3Afe717D6d011CaE88D19451e,257,46304,missing
0xDe39E5E5a1B0eEB3Afe717D6d011CaE88D19451e,258,46316,missing
0xDe39E5E5a1B0eEB3Afe717D6d011CaE88D19451e,259,46304,missing
0xDe39E5E5a1B0eEB3Afe717D6d011CaE88D19451e,260,24293,missing
0xDe39E5E5a1B0eEB3Afe717D6d011CaE88D19451e,261,46304,missing
0xDe39E5E5a1B0eEB3Afe717D6d011CaE88D19451e,262,26850,missing
0xDe39E5E5a1B0eEB3Afe717D6d011CaE88D19451e,263,26850,missing
0xDe39E5E5a1B0eEB3Afe717D6d011CaE88D19451e,264,46304,missing
0xDe39E5E5a1B0eEB3Afe717D6d011CaE88D19451e,265,46304,missing
0xDe39E5E5a1B0eEB3Afe717D6d011CaE88D19451e,266,46304,missing
0xDe39E5E5a1B0eEB3Afe717D6d011CaE88D19451e,267,46304,missing
0xDe39E5E5a1B0eEB3Afe717D6d011CaE88D19451e,268,26850,missing
0xDe39E5E5a1B0eEB3Afe717D6d011CaE88D19451e,269,46304,missing
0xDe39E5E5a1B0eEB3Afe717D6d011CaE88D19451e,270,46304,missing
0xDe39E5E5a1B0eEB3Afe717D6d011CaE88D19451e,271,26850,missing
0xDe39E5E5a1B0eEB3Afe717D6d011CaE88D19451e,272,26850,missing
0xDe39E5E5a1B0eEB3Afe717D6d011CaE88D19451e,273,46316,missing
0xDe39E5E5a1B0eEB3Afe717D6d011CaE88D19451e,274,46304,missing
0xDe39E5E5a1B0eEB3Afe717D6d011CaE88D19451e,275,26862,missing
0xDe39E5E5a1B0eEB3Afe717D6d011CaE88D19451e,276,26862,missing
0xDe39E5E5a1B0eEB3Afe717D6d011CaE88D19451e,277,26862,missing
0xDe39E5E5a1B0eEB3Afe717D6d011CaE88D19451e,278,26862,missing
0xDe39E5E5a1B0eEB3Afe717D6d011CaE88D19451e,279,26862,missing
0xDe39E5E5a1B0eEB3Afe717D6d011CaE88D19451e,280,26862,missing
0xDe39E5E5a1B0eEB3Afe717D6d011CaE88D19451e,281,26862,missing
0xDe39E5E5a1B0eEB3Afe717D6d011CaE88D19451e,282,26862,missing
0xDe39E5E5a1B0eEB3Afe717D6d011CaE88D19451e,283,26862,missing
0xDe39E5E5a1B0eEB3Afe717D6d011CaE88D19451e,284,26862,missing
0xDe39E5E5a1B0eEB3Afe717D6d011CaE88D19451e,285,26862,missing
0xDe39E5E5a1B0eEB3Afe717D6d011CaE88D19451e,286,26862,missing
0xDe39E5E5a1B0eEB3Afe717D6d011CaE88D19451e,287,26862,missing
0xDe39E5E5a1B0eEB3Afe717D6d011CaE88D19451e,288,46304,missing
0xDe39E5E5a1B0eEB3Afe717D6d011CaE88D19451e,289,26862,missing
0xDe39E5E5a1B0eEB3Afe717D6d011CaE88D19451e,290,46304,missing
0xDe39E5E5a1B0eEB3Afe717D6d011CaE88D19451e,291,26862,missing
0xDe39E5E5a1B0eEB3Afe717D6d011CaE88D19451e,292,46304,missing
0xDe39E5E5a1B0eEB3Afe717D6d011CaE88D19451e,293,46304,missing
0xDe39E5E5a1B0eEB3Afe717D6d011CaE88D19451e,294,46304,missing
0xDe39E5E5a1B0eEB3Afe717D6d011CaE88D19451e,295,26862,missing
0xDe39E5E5a1B0eEB3Afe717D6d011CaE88D19451e,296,46304,missing
0xDe39E5E5a1B0eEB3Afe717D6d011CaE88D19451e,297,46304,missing
0xDe39E5E5a1B0eEB3Afe717D6d011CaE88D19451e,298,46304,missing
0xDe39E5E5a1B0eEB3Afe717D6d011CaE88D19451e,299,26862,missing
0xDe39E5E5a1B0eEB3Afe717D6d011CaE88D19451e,300,26862,missing
0xDe39E5E5a1B0eEB3Afe717D6d011CaE88D19451e,count,253,0,-253
0xf2570186500a46986f3139f65afedc2afe4f445d,1,26446,28293,1847
0xf2570186500a46986f3139f65afedc2afe4f445d,2,30829,28293,-2536
0xf2570186500a46986f3139f65afedc2afe4f445d,count,2,2,0
0x4b71ad9c1a84b9b643aa54fdd66e2dec96e8b152,1,28584,missing
0x4b71ad9c1a84b9b643aa54fdd66e2dec96e8b152,2,28608,missing
0x4b71ad9c1a84b9b643aa54fdd66e2dec96e8b152,3,28608,missing
0x4b71ad9c1a84b9b643aa54fdd66e2dec96e8b152,4,27040,missing
0x4b71ad9c1a84b9b643aa54fdd66e2dec96e8b152,5,28608,missing
0x4b71ad9c1a84b9b643aa54fdd66e2dec96e8b152,6,33300,missing
0x4b71ad9c1a84b9b643aa54fdd66e2dec96e8b152,7,34856,missing
0x4b71ad9c1a84b9b643aa54fdd66e2dec96e8b152,8,39573,missing
0x4b71ad9c1a84b9b643aa54fdd66e2dec96e8b152,9,34880,missing
0x4b71ad9c1a84b9b643aa54fdd66e2dec96e8b152,10,37209,missing
0x4b71ad9c1a84b9b643aa54fdd66e2dec96e8b152,11,39585,missing
0x4b71ad9c1a84b9b643aa54fdd66e2dec96e8b152,12,26256,missing
0x4b71ad9c1a84b9b643aa54fdd66e2dec96e8b152,13,26256,missing
0x4b71ad9c1a84b9b643aa54fdd66e2dec96e8b152,14,26256,missing
0x4b71ad9c1a84b9b643aa54fdd66e2dec96e8b152,15,45026,missing
0x4b71ad9c1a84b9b643aa54fdd66e2dec96e8b152,16,45038,missing
0x4b71ad9c1a84b9b643aa54fdd66e2dec96e8b152,17,45038,missing
0x4b71ad9c1a84b9b643aa54fdd66e2dec96e8b152,18,43518,missing
0x4b71ad9c1a84b9b643aa54fdd66e2dec96e8b152,19,58381,missing
0x4b71ad9c1a84b9b643aa54fdd66e2dec96e8b152,20,139006,missing
0x4b71ad9c1a84b9b643aa54fdd66e2dec96e8b152,21,31744,missing
0x4b71ad9c1a84b9b643aa54fdd66e2dec96e8b152,22,31744,missing
0x4b71ad9c1a84b9b643aa54fdd66e2dec96e8b152,23,770356,missing
0x4b71ad9c1a84b9b643aa54fdd66e2dec96e8b152,24,64654,missing
0x4b71ad9c1a84b9b643aa54fdd66e2dec96e8b152,25,64642,missing
0x4b71ad9c1a84b9b643aa54fdd66e2dec96e8b152,26,64666,missing
0x4b71ad9c1a84b9b643aa54fdd66e2dec96e8b152,27,64678,missing
0x4b71ad9c1a84b9b643aa54fdd66e2dec96e8b152,28,31744,missing
0x4b71ad9c1a84b9b643aa54fdd66e2dec96e8b152,29,64630,missing
0x4b71ad9c1a84b9b643aa54fdd66e2dec96e8b152,30,64642,missing
0x4b71ad9c1a84b9b643aa54fdd66e2dec96e8b152,31,64606,missing
0x4b71ad9c1a84b9b643aa54fdd66e2dec96e8b152,32,64642,missing
0x4b71ad9c1a84b9b643aa54fdd66e2dec96e8b152,33,64666,missing
0x4b71ad9c1a84b9b643aa54fdd66e2dec96e8b152,34,64642,missing
0x4b71ad9c1a84b9b643aa54fdd66e2dec96e8b152,35,64606,missing
0x4b71ad9c1a84b9b643aa54fdd66e2dec96e8b152,36,64618,missing
0x4b71ad9c1a84b9b643aa54fdd66e2dec96e8b152,37,64606,missing
0x4b71ad9c1a84b9b643aa54fdd66e2dec96e8b152,38,64642,missing
0x4b71ad9c1a84b9b643aa54fdd66e2dec96e8b152,39,64630,missing
0x4b71ad9c1a84b9b643aa54fdd66e2dec96e8b152,40,64654,missing
0x4b71ad9c1a84b9b643aa54fdd66e2dec96e8b152,41,52119,missing
0x4b71ad9c1a84b9b643aa54fdd66e2dec96e8b152,42,64630,missing
0x4b71ad9c1a84b9b643aa54fdd66e2dec96e8b152,43,74826,missing
0x4b71ad9c1a84b9b643aa54fdd66e2dec96e8b152,44,64630,missing
0x4b71ad9c1a84b9b643aa54fdd66e2dec96e8b152,45,103847,missing
0x4b71ad9c1a84b9b643aa54fdd66e2dec96e8b152,46,103799,missing
0x4b71ad9c1a84b9b643aa54fdd66e2dec96e8b152,47,103835,missing
0x4b71ad9c1a84b9b643aa54fdd66e2dec96e8b152,48,64630,missing
0x4b71ad9c1a84b9b643aa54fdd66e2dec96e8b152,49,63810,missing
0x4b71ad9c1a84b9b643aa54fdd66e2dec96e8b152,50,110835,missing
0x4b71ad9c1a84b9b643aa54fdd66e2dec96e8b152,51,110847,missing
0x4b71ad9c1a84b9b643aa54fdd66e2dec96e8b152,52,30972,missing
0x4b71ad9c1a84b9b643aa54fdd66e2dec96e8b152,53,103799,missing
0x4b71ad9c1a84b9b643aa54fdd66e2dec96e8b152,54,103823,missing
0x4b71ad9c1a84b9b643aa54fdd66e2dec96e8b152,55,103835,missing
0x4b71ad9c1a84b9b643aa54fdd66e2dec96e8b152,56,90548,missing
0x4b71ad9c1a84b9b643aa54fdd66e2dec96e8b152,57,103835,missing
0x4b71ad9c1a84b9b643aa54fdd66e2dec96e8b152,58,103871,missing
0x4b71ad9c1a84b9b643aa54fdd66e2dec96e8b152,59,103811,missing
0x4b71ad9c1a84b9b643aa54fdd66e2dec96e8b152,60,79519,missing
0x4b71ad9c1a84b9b643aa54fdd66e2dec96e8b152,61,103799,missing
0x4b71ad9c1a84b9b643aa54fdd66e2dec96e8b152,62,38801,missing
0x4b71ad9c1a84b9b643aa54fdd66e2dec96e8b152,63,80304,missing
0x4b71ad9c1a84b9b643aa54fdd66e2dec96e8b152,64,99805,missing
0x4b71ad9c1a84b9b643aa54fdd66e2dec96e8b152,67,26268,missing
0x4b71ad9c1a84b9b643aa54fdd66e2dec96e8b152,68,26268,missing
0x4b71ad9c1a84b9b643aa54fdd66e2dec96e8b152,69,27052,missing
0x4b71ad9c1a84b9b643aa54fdd66e2dec96e8b152,70,27052,missing
0x4b71ad9c1a84b9b643aa54fdd66e2dec96e8b152,71,88111,missing
0x4b71ad9c1a84b9b643aa54fdd66e2dec96e8b152,72,88099,missing
0x4b71ad9c1a84b9b643aa54fdd66e2dec96e8b152,73,88147,missing
0x4b71ad9c1a84b9b643aa54fdd66e2dec96e8b152,74,88171,missing
0x4b71ad9c1a84b9b643aa54fdd66e2dec96e8b152,75,88171,missing
0x4b71ad9c1a84b9b643aa54fdd66e2dec96e8b152,76,88111,missing
0x4b71ad9c1a84b9b643aa54fdd66e2dec96e8b152,77,88159,missing
0x4b71ad9c1a84b9b643aa54fdd66e2dec96e8b152,78,88171,missing
0x4b71ad9c1a84b9b643aa54fdd66e2dec96e8b152,79,88135,missing
0x4b71ad9c1a84b9b643aa54fdd66e2dec96e8b152,80,88111,missing
0x4b71ad9c1a84b9b643aa54fdd66e2dec96e8b152,81,88147,missing
0x4b71ad9c1a84b9b643aa54fdd66e2dec96e8b152,82,88171,missing
0x4b71ad9c1a84b9b643aa54fdd66e2dec96e8b152,83,88147,missing
0x4b71ad9c1a84b9b643aa54fdd66e2dec96e8b152,84,88159,missing
0x4b71ad9c1a84b9b643aa54fdd66e2dec96e8b152,85,88159,missing
0x4b71ad9c1a84b9b643aa54fdd66e2dec96e8b152,86,88183,missing
0x4b71ad9c1a84b9b643aa54fdd66e2dec96e8b152,87,88099,missing
0x4b71ad9c1a84b9b643aa54fdd66e2dec96e8b152,88,88099,missing
0x4b71ad9c1a84b9b643aa54fdd66e2dec96e8b152,89,88123,missing
0x4b71ad9c1a84b9b643aa54fdd66e2dec96e8b152,90,88171,missing
0x4b71ad9c1a84b9b643aa54fdd66e2dec96e8b152,91,64678,missing
0x4b71ad9c1a84b9b643aa54fdd66e2dec96e8b152,92,64666,missing
0x4b71ad9c1a84b9b643aa54fdd66e2dec96e8b152,93,64630,missing
0x4b71ad9c1a84b9b643aa54fdd66e2dec96e8b152,94,64642,missing
0x4b71ad9c1a84b9b643aa54fdd66e2dec96e8b152,95,64678,missing
0x4b71ad9c1a84b9b643aa54fdd66e2dec96e8b152,96,64642,missing
0x4b71ad9c1a84b9b643aa54fdd66e2dec96e8b152,97,64654,missing
0x4b71ad9c1a84b9b643aa54fdd66e2dec96e8b152,98,64642,missing
0x4b71ad9c1a84b9b643aa54fdd66e2dec96e8b152,99,64654,missing
0x4b71ad9c1a84b9b643aa54fdd66e2dec96e8b152,100,64642,missing
0x4b71ad9c1a84b9b643aa54fdd66e2dec96e8b152,101,64630,missing
0x4b71ad9c1a84b9b643aa54fdd66e2dec96e8b152,102,64606,missing
0x4b71ad9c1a84b9b643aa54fdd66e2dec96e8b152,103,64666,missing
0x4b71ad9c1a84b9b643aa54fdd66e2dec96e8b152,104,64630,missing
0x4b71ad9c1a84b9b643aa54fdd66e2dec96e8b152,105,64642,missing
0x4b71ad9c1a84b9b643aa54fdd66e2dec96e8b152,106,64654,missing
0x4b71ad9c1a84b9b643aa54fdd66e2dec96e8b152,107,64654,missing
0x4b71ad9c1a84b9b643aa54fdd66e2dec96e8b152,108,64642,missing
0x4b71ad9c1a84b9b643aa54fdd66e2dec96e8b152,109,64666,missing
0x4b71ad9c1a84b9b643aa54fdd66e2dec96e8b152,110,64654,missing
0x4b71ad9c1a84b9b643aa54fdd66e2dec96e8b152,111,64678,missing
0x4b71ad9c1a84b9b643aa54fdd66e2dec96e8b152,112,64654,missing
0x4b71ad9c1a84b9b643aa54fdd66e2dec96e8b152,113,64654,missing
0x4b71ad9c1a84b9b643aa54fdd66e2dec96e8b152,114,64618,missing
0x4b71ad9c1a84b9b643aa54fdd66e2dec96e8b152,115,64654,missing
0x4b71ad9c1a84b9b643aa54fdd66e2dec96e8b152,116,64678,missing
0x4b71ad9c1a84b9b643aa54fdd66e2dec96e8b152,117,64654,missing
0x4b71ad9c1a84b9b643aa54fdd66e2dec96e8b152,118,64642,missing
0x4b71ad9c1a84b9b643aa54fdd66e2dec96e8b152,119,64654,missing
0x4b71ad9c1a84b9b643aa54fdd66e2dec96e8b152,120,64606,missing
0x4b71ad9c1a84b9b643aa54fdd66e2dec96e8b152,121,64654,missing
0x4b71ad9c1a84b9b643aa54fdd66e2dec96e8b152,122,64654,missing
0x4b71ad9c1a84b9b643aa54fdd66e2dec96e8b152,123,64666,missing
0x4b71ad9c1a84b9b643aa54fdd66e2dec96e8b152,124,64642,missing
0x4b71ad9c1a84b9b643aa54fdd66e2dec96e8b152,125,64642,missing
0x4b71ad9c1a84b9b643aa54fdd66e2dec96e8b152,126,64666,missing
0x4b71ad9c1a84b9b643aa54fdd66e2dec96e8b152,127,64666,missing
0x4b71ad9c1a84b9b643aa54fdd66e2dec96e8b152,128,64630,missing
0x4b71ad9c1a84b9b643aa54fdd66e2dec96e8b152,129,64630,missing
0x4b71ad9c1a84b9b643aa54fdd66e2dec96e8b152,130,64678,missing
0x4b71ad9c1a84b9b643aa54fdd66e2dec96e8b152,131,64642,missing
0x4b71ad9c1a84b9b643aa54fdd66e2dec96e8b152,132,64654,missing
0x4b71ad9c1a84b9b643aa54fdd66e2dec96e8b152,133,64678,missing
0x4b71ad9c1a84b9b643aa54fdd66e2dec96e8b152,134,64654,missing
0x4b71ad9c1a84b9b643aa54fdd66e2dec96e8b152,135,64630,missing
0x4b71ad9c1a84b9b643aa54fdd66e2dec96e8b152,136,64630,missing
0x4b71ad9c1a84b9b643aa54fdd66e2dec96e8b152,137,64570,missing
0x4b71ad9c1a84b9b643aa54fdd66e2dec96e8b152,138,64630,missing
0x4b71ad9c1a84b9b643aa54fdd66e2dec96e8b152,139,64642,missing
0x4b71ad9c1a84b9b643aa54fdd66e2dec96e8b152,140,64618,missing
0x4b71ad9c1a84b9b643aa54fdd66e2dec96e8b152,141,64654,missing
0x4b71ad9c1a84b9b643aa54fdd66e2dec96e8b152,142,64654,missing
0x4b71ad9c1a84b9b643aa54fdd66e2dec96e8b152,143,64618,missing
0x4b71ad9c1a84b9b643aa54fdd66e2dec96e8b152,144,64666,missing
0x4b71ad9c1a84b9b643aa54fdd66e2dec96e8b152,145,64618,missing
0x4b71ad9c1a84b9b643aa54fdd66e2dec96e8b152,146,64642,missing
0x4b71ad9c1a84b9b643aa54fdd66e2dec96e8b152,147,64654,missing
0x4b71ad9c1a84b9b643aa54fdd66e2dec96e8b152,148,64630,missing
0x4b71ad9c1a84b9b643aa54fdd66e2dec96e8b152,149,64630,missing
0x4b71ad9c1a84b9b643aa54fdd66e2dec96e8b152,150,64654,missing
0x4b71ad9c1a84b9b643aa54fdd66e2dec96e8b152,151,64630,missing
0x4b71ad9c1a84b9b643aa54fdd66e2dec96e8b152,152,64678,missing
0x4b71ad9c1a84b9b643aa54fdd66e2dec96e8b152,153,64642,missing
0x4b71ad9c1a84b9b643aa54fdd66e2dec96e8b152,154,64606,missing
0x4b71ad9c1a84b9b643aa54fdd66e2dec96e8b152,155,64666,missing
0x4b71ad9c1a84b9b643aa54fdd66e2dec96e8b152,156,64630,missing
0x4b71ad9c1a84b9b643aa54fdd66e2dec96e8b152,157,64630,missing
0x4b71ad9c1a84b9b643aa54fdd66e2dec96e8b152,158,64654,missing
0x4b71ad9c1a84b9b643aa54fdd66e2dec96e8b152,159,64666,missing
0x4b71ad9c1a84b9b643aa54fdd66e2dec96e8b152,160,64666,missing
0x4b71ad9c1a84b9b643aa54fdd66e2dec96e8b152,161,64654,missing
0x4b71ad9c1a84b9b643aa54fdd66e2dec96e8b152,162,64630,missing
0x4b71ad9c1a84b9b643aa54fdd66e2dec96e8b152,163,64642,missing
0x4b71ad9c1a84b9b643aa54fdd66e2dec96e8b152,164,64654,missing
0x4b71ad9c1a84b9b643aa54fdd66e2dec96e8b152,165,64642,missing
0x4b71ad9c1a84b9b643aa54fdd66e2dec96e8b152,166,64654,missing
0x4b71ad9c1a84b9b643aa54fdd66e2dec96e8b152,167,64582,missing
0x4b71ad9c1a84b9b643aa54fdd66e2dec96e8b152,168,64606,missing
0x4b71ad9c1a84b9b643aa54fdd66e2dec96e8b152,169,64630,missing
0x4b71ad9c1a84b9b643aa54fdd66e2dec96e8b152,170,64654,missing
0x4b71ad9c1a84b9b643aa54fdd66e2dec96e8b152,171,64666,missing
0x4b71ad9c1a84b9b643aa54fdd66e2dec96e8b152,172,64618,missing
0x4b71ad9c1a84b9b643aa54fdd66e2dec96e8b152,173,64618,missing
0x4b71ad9c1a84b9b643aa54fdd66e2dec96e8b152,174,64654,missing
0x4b71ad9c1a84b9b643aa54fdd66e2dec96e8b152,175,64654,missing
0x4b71ad9c1a84b9b643aa54fdd66e2dec96e8b152,176,64654,missing
0x4b71ad9c1a84b9b643aa54fdd66e2dec96e8b152,177,64630,missing
0x4b71ad9c1a84b9b643aa54fdd66e2dec96e8b152,178,64642,missing
0x4b71ad9c1a84b9b643aa54fdd66e2dec96e8b152,179,64642,missing
0x4b71ad9c1a84b9b643aa54fdd66e2dec96e8b152,180,64642,missing
0x4b71ad9c1a84b9b643aa54fdd66e2dec96e8b152,181,64618,missing
0x4b71ad9c1a84b9b643aa54fdd66e2dec96e8b152,182,64630,missing
0x4b71ad9c1a84b9b643aa54fdd66e2dec96e8b152,183,64678,missing
0x4b71ad9c1a84b9b643aa54fdd66e2dec96e8b152,184,64642,missing
0x4b71ad9c1a84b9b643aa54fdd66e2dec96e8b152,185,64666,missing
0x4b71ad9c1a84b9b643aa54fdd66e2dec96e8b152,186,64618,missing
0x4b71ad9c1a84b9b643aa54fdd66e2dec96e8b152,187,64666,missing
0x4b71ad9c1a84b9b643aa54fdd66e2dec96e8b152,188,64630,missing
0x4b71ad9c1a84b9b643aa54fdd66e2dec96e8b152,189,64570,missing
0x4b71ad9c1a84b9b643aa54fdd66e2dec96e8b152,190,64678,missing
0x4b71ad9c1a84b9b643aa54fdd66e2dec96e8b152,191,64630,missing
0x4b71ad9c1a84b9b643aa54fdd66e2dec96e8b152,192,64654,missing
0x4b71ad9c1a84b9b643aa54fdd66e2dec96e8b152,193,64666,missing
0x4b71ad9c1a84b9b643aa54fdd66e2dec96e8b152,194,64678,missing
0x4b71ad9c1a84b9b643aa54fdd66e2dec96e8b152,195,64618,missing
0x4b71ad9c1a84b9b643aa54fdd66e2dec96e8b152,196,64666,missing
0x4b71ad9c1a84b9b643aa54fdd66e2dec96e8b152,197,64630,missing
0x4b71ad9c1a84b9b643aa54fdd66e2dec96e8b152,198,64618,missing
0x4b71ad9c1a84b9b643aa54fdd66e2dec96e8b152,199,64666,missing
0x4b71ad9c1a84b9b643aa54fdd66e2dec96e8b152,200,64642,missing
0x4b71ad9c1a84b9b643aa54fdd66e2dec96e8b152,201,64666,missing
0x4b71ad9c1a84b9b643aa54fdd66e2dec96e8b152,202,64654,missing
0x4b71ad9c1a84b9b643aa54fdd66e2dec96e8b152,203,64666,missing
0x4b71ad9c1a84b9b643aa54fdd66e2dec96e8b152,204,64606,missing
0x4b71ad9c1a84b9b643aa54fdd66e2dec96e8b152,205,64642,missing
0x4b71ad9c1a84b9b643aa54fdd66e2dec96e8b152,206,64606,missing
0x4b71ad9c1a84b9b643aa54fdd66e2dec96e8b152,207,64654,missing
0x4b71ad9c1a84b9b643aa54fdd66e2dec96e8b152,208,64654,missing
0x4b71ad9c1a84b9b643aa54fdd66e2dec96e8b152,209,64642,missing
0x4b71ad9c1a84b9b643aa54fdd66e2dec96e8b152,210,64618,missing
0x4b71ad9c1a84b9b643aa54fdd66e2dec96e8b152,211,64606,missing
0x4b71ad9c1a84b9b643aa54fdd66e2dec96e8b152,212,64678,missing
0x4b71ad9c1a84b9b643aa54fdd66e2dec96e8b152,213,64642,missing
0x4b71ad9c1a84b9b643aa54fdd66e2dec96e8b152,214,64678,missing
0x4b71ad9c1a84b9b643aa54fdd66e2dec96e8b152,215,64642,missing
0x4b71ad9c1a84b9b643aa54fdd66e2dec96e8b152,216,64594,missing
0x4b71ad9c1a84b9b643aa54fdd66e2dec96e8b152,217,64606,missing
0x4b71ad9c1a84b9b643aa54fdd66e2dec96e8b152,218,64618,missing
0x4b71ad9c1a84b9b643aa54fdd66e2dec96e8b152,219,64606,missing
0x4b71ad9c1a84b9b643aa54fdd66e2dec96e8b152,220,64618,missing
0x4b71ad9c1a84b9b643aa54fdd66e2dec96e8b152,221,64666,missing
0x4b71ad9c1a84b9b643aa54fdd66e2dec96e8b152,222,64654,missing
0x4b71ad9c1a84b9b643aa54fdd66e2dec96e8b152,223,64666,missing
0x4b71ad9c1a84b9b643aa54fdd66e2dec96e8b152,224,64654,missing
0x4b71ad9c1a84b9b643aa54fdd66e2dec96e8b152,225,64666,missing
0x4b71ad9c1a84b9b643aa54fdd66e2dec96e8b152,226,64654,missing
0x4b71ad9c1a84b9b643aa54fdd66e2dec96e8b152,227,64666,missing
0x4b71ad9c1a84b9b643aa54fdd66e2dec96e8b152,228,64654,missing
0x4b71ad9c1a84b9b643aa54fdd66e2dec96e8b152,229,64582,missing
0x4b71ad9c1a84b9b643aa54fdd66e2dec96e8b152,230,64678,missing
0x4b71ad9c1a84b9b643aa54fdd66e2dec96e8b152,231,64594,missing
0x4b71ad9c1a84b9b643aa54fdd66e2dec96e8b152,232,64606,missing
0x4b71ad9c1a84b9b643aa54fdd66e2dec96e8b152,233,64630,missing
0x4b71ad9c1a84b9b643aa54fdd66e2dec96e8b152,234,64618,missing
0x4b71ad9c1a84b9b643aa54fdd66e2dec96e8b152,235,64666,missing
0x4b71ad9c1a84b9b643aa54fdd66e2dec96e8b152,236,64678,missing
0x4b71ad9c1a84b9b643aa54fdd66e2dec96e8b152,237,64606,missing
0x4b71ad9c1a84b9b643aa54fdd66e2dec96e8b152,238,64642,missing
0x4b71ad9c1a84b9b643aa54fdd66e2dec96e8b152,239,64666,missing
0x4b71ad9c1a84b9b643aa54fdd66e2dec96e8b152,240,64666,missing
0x4b71ad9c1a84b9b643aa54fdd66e2dec96e8b152,241,64642,missing
0x4b71ad9c1a84b9b643aa54fdd66e2dec96e8b152,242,64618,missing
0x4b71ad9c1a84b9b643aa54fdd66e2dec96e8b152,243,64666,missing
0x4b71ad9c1a84b9b643aa54fdd66e2dec96e8b152,244,64654,missing
0x4b71ad9c1a84b9b643aa54fdd66e2dec96e8b152,245,64654,missing
0x4b71ad9c1a84b9b643aa54fdd66e2dec96e8b152,246,64594,missing
0x4b71ad9c1a84b9b643aa54fdd66e2dec96e8b152,247,64666,missing
0x4b71ad9c1a84b9b643aa54fdd66e2dec96e8b152,248,64654,missing
0x4b71ad9c1a84b9b643aa54fdd66e2dec96e8b152,249,64666,missing
0x4b71ad9c1a84b9b643aa54fdd66e2dec96e8b152,250,64666,missing
0x4b71ad9c1a84b9b643aa54fdd66e2dec96e8b152,251,64654,missing
0x4b71ad9c1a84b9b643aa54fdd66e2dec96e8b152,252,64630,missing
0x4b71ad9c1a84b9b643aa54fdd66e2dec96e8b152,253,64630,missing
0x4b71ad9c1a84b9b643aa54fdd66e2dec96e8b152,254,64690,missing
0x4b71ad9c1a84b9b643aa54fdd66e2dec96e8b152,255,64654,missing
0x4b71ad9c1a84b9b643aa54fdd66e2dec96e8b152,256,64642,missing
0x4b71ad9c1a84b9b643aa54fdd66e2dec96e8b152,257,64630,missing
0x4b71ad9c1a84b9b643aa54fdd66e2dec96e8b152,258,64630,missing
0x4b71ad9c1a84b9b643aa54fdd66e2dec96e8b152,259,64678,missing
0x4b71ad9c1a84b9b643aa54fdd66e2dec96e8b152,260,64594,missing
0x4b71ad9c1a84b9b643aa54fdd66e2dec96e8b152,261,64618,missing
0x4b71ad9c1a84b9b643aa54fdd66e2dec96e8b152,262,64642,missing
0x4b71ad9c1a84b9b643aa54fdd66e2dec96e8b152,263,64654,missing
0x4b71ad9c1a84b9b643aa54fdd66e2dec96e8b152,264,64642,missing
0x4b71ad9c1a84b9b643aa54fdd66e2dec96e8b152,265,64642,missing
0x4b71ad9c1a84b9b643aa54fdd66e2dec96e8b152,266,64642,missing
0x4b71ad9c1a84b9b643aa54fdd66e2dec96e8b152,267,64618,missing
0x4b71ad9c1a84b9b643aa54fdd66e2dec96e8b152,268,64654,missing
0x4b71ad9c1a84b9b643aa54fdd66e2dec96e8b152,269,64618,missing
0x4b71ad9c1a84b9b643aa54fdd66e2dec96e8b152,270,64642,missing
0x4b71ad9c1a84b9b643aa54fdd66e2dec96e8b152,271,64666,missing
0x4b71ad9c1a84b9b643aa54fdd66e2dec96e8b152,272,64618,missing
0x4b71ad9c1a84b9b643aa54fdd66e2dec96e8b152,273,64618,missing
0x4b71ad9c1a84b9b643aa54fdd66e2dec96e8b152,274,64630,missing
0x4b71ad9c1a84b9b643aa54fdd66e2dec96e8b152,275,64690,missing
0x4b71ad9c1a84b9b643aa54fdd66e2dec96e8b152,276,64642,missing
0x4b71ad9c1a84b9b643aa54fdd66e2dec96e8b152,277,64642,missing
0x4b71ad9c1a84b9b643aa54fdd66e2dec96e8b152,278,64642,missing
0x4b71ad9c1a84b9b643aa54fdd66e2dec96e8b152,279,64654,missing
0x4b71ad9c1a84b9b643aa54fdd66e2dec96e8b152,280,64678,missing
0x4b71ad9c1a84b9b643aa54fdd66e2dec96e8b152,281,64606,missing
0x4b71ad9c1a84b9b643aa54fdd66e2dec96e8b152,282,64654,missing
0x4b71ad9c1a84b9b643aa54fdd66e2dec96e8b152,283,64642,missing
0x4b71ad9c1a84b9b643aa54fdd66e2dec96e8b152,284,64642,missing
0x4b71ad9c1a84b9b643aa54fdd66e2dec96e8b152,285,64654,missing
0x4b71ad9c1a84b9b643aa54fdd66e2dec96e8b152,286,64666,missing
0x4b71ad9c1a84b9b643aa54fdd66e2dec96e8b152,287,64642,missing
0x4b71ad9c1a84b9b643aa54fdd66e2dec96e8b152,288,64642,missing
0x4b71ad9c1a84b9b643aa54fdd66e2dec96e8b152,289,64690,missing
0x4b71ad9c1a84b9b643aa54fdd66e2dec96e8b152,290,64618,missing
0x4b71ad9c1a84b9b643aa54fdd66e2dec96e8b152,291,64654,missing
0x4b71ad9c1a84b9b643aa54fdd66e2dec96e8b152,292,64654,missing
0x4b71ad9c1a84b9b643aa54fdd66e2dec96e8b152,293,64666,missing
0x4b71ad9c1a84b9b643aa54fdd66e2dec96e8b152,294,64642,missing
0x4b71ad9c1a84b9b643aa54fdd66e2dec96e8b152,295,64654,missing
0x4b71ad9c1a84b9b643aa54fdd66e2dec96e8b152,296,64678,missing
0x4b71ad9c1a84b9b643aa54fdd66e2dec96e8b152,297,64666,missing
0x4b71ad9c1a84b9b643aa54fdd66e2dec96e8b152,298,64642,missing
0x4b71ad9c1a84b9b643aa54fdd66e2dec96e8b152,299,64678,missing
0x4b71ad9c1a84b9b643aa54fdd66e2dec96e8b152,300,64630,missing
0x4b71ad9c1a84b9b643aa54fdd66e2dec96e8b152,301,64654,missing
0x4b71ad9c1a84b9b643aa54fdd66e2dec96e8b152,302,64678,missing
0x4b71ad9c1a84b9b643aa54fdd66e2dec96e8b152,303,64630,missing
0x4b71ad9c1a84b9b643aa54fdd66e2dec96e8b152,304,64606,missing
0x4b71ad9c1a84b9b643aa54fdd66e2dec96e8b152,305,64666,missing
0x4b71ad9c1a84b9b643aa54fdd66e2dec96e8b152,306,64606,missing
0x4b71ad9c1a84b9b643aa54fdd66e2dec96e8b152,307,64642,missing
0x4b71ad9c1a84b9b643aa54fdd66e2dec96e8b152,308,64678,missing
0x4b71ad9c1a84b9b643aa54fdd66e2dec96e8b152,309,64642,missing
0x4b71ad9c1a84b9b643aa54fdd66e2dec96e8b152,310,64642,missing
0x4b71ad9c1a84b9b643aa54fdd66e2dec96e8b152,311,64666,missing
0x4b71ad9c1a84b9b643aa54fdd66e2dec96e8b152,312,64618,missing
0x4b71ad9c1a84b9b643aa54fdd66e2dec96e8b152,313,64666,missing
0x4b71ad9c1a84b9b643aa54fdd66e2dec96e8b152,314,64666,missing
0x4b71ad9c1a84b9b643aa54fdd66e2dec96e8b152,315,64666,missing
0x4b71ad9c1a84b9b643aa54fdd66e2dec96e8b152,316,64642,missing
0x4b71ad9c1a84b9b643aa54fdd66e2dec96e8b152,317,64642,missing
0x4b71ad9c1a84b9b643aa54fdd66e2dec96e8b152,318,64630,missing
0x4b71ad9c1a84b9b643aa54fdd66e2dec96e8b152,319,64618,missing
0x4b71ad9c1a84b9b643aa54fdd66e2dec96e8b152,320,64666,missing
0x4b71ad9c1a84b9b643aa54fdd66e2dec96e8b152,321,64654,missing
0x4b71ad9c1a84b9b643aa54fdd66e2dec96e8b152,322,64642,missing
0x4b71ad9c1a84b9b643aa54fdd66e2dec96e8b152,323,64618,missing
0x4b71ad9c1a84b9b643aa54fdd66e2dec96e8b152,324,64654,missing
0x4b71ad9c1a84b9b643aa54fdd66e2dec96e8b152,325,64678,missing
0x4b71ad9c1a84b9b643aa54fdd66e2dec96e8b152,326,64666,missing
0x4b71ad9c1a84b9b643aa54fdd66e2dec96e8b152,327,64630,missing
0x4b71ad9c1a84b9b643aa54fdd66e2dec96e8b152,328,64654,missing
0x4b71ad9c1a84b9b643aa54fdd66e2dec96e8b152,329,64654,missing
0x4b71ad9c1a84b9b643aa54fdd66e2dec96e8b152,330,64630,missing
0x4b71ad9c1a84b9b643aa54fdd66e2dec96e8b152,331,64630,missing
0x4b71ad9c1a84b9b643aa54fdd66e2dec96e8b152,332,64642,missing
0x4b71ad9c1a84b9b643aa54fdd66e2dec96e8b152,333,64582,missing
0x4b71ad9c1a84b9b643aa54fdd66e2dec96e8b152,334,64630,missing
0x4b71ad9c1a84b9b643aa54fdd66e2dec96e8b152,335,64654,missing
0x4b71ad9c1a84b9b643aa54fdd66e2dec96e8b152,336,64642,missing
0x4b71ad9c1a84b9b643aa54fdd66e2dec96e8b152,337,64666,missing
0x4b71ad9c1a84b9b643aa54fdd66e2dec96e8b152,338,64654,missing
0x4b71ad9c1a84b9b643aa54fdd66e2dec96e8b152,339,64642,missing
0x4b71ad9c1a84b9b643aa54fdd66e2dec96e8b152,340,64654,missing
0x4b71ad9c1a84b9b643aa54fdd66e2dec96e8b152,341,64654,missing
0x4b71ad9c1a84b9b643aa54fdd66e2dec96e8b152,342,64654,missing
0x4b71ad9c1a84b9b643aa54fdd66e2dec96e8b152,343,64594,missing
0x4b71ad9c1a84b9b643aa54fdd66e2dec96e8b152,344,64618,missing
0x4b71ad9c1a84b9b643aa54fdd66e2dec96e8b152,345,64642,missing
0x4b71ad9c1a84b9b643aa54fdd66e2dec96e8b152,346,64654,missing
0x4b71ad9c1a84b9b643aa54fdd66e2dec96e8b152,count,344,0,-344
0xf70d589d76eebdd7c12cc5eec99f8f6fa4233b9e,1,21040,40061,19021
0xf70d589d76eebdd7c12cc5eec99f8f6fa4233b9e,2,30531,28153,-2378
0xf70d589d76eebdd7c12cc5eec99f8f6fa4233b9e,count,2,2,0
0x806a6bd219f162442d992bdc4ee6eba1f2c5a707,1,21040,40061,19021
0x806a6bd219f162442d992bdc4ee6eba1f2c5a707,2,30531,28153,-2378
0x806a6bd219f162442d992bdc4ee6eba1f2c5a707,count,2,2,0
0xcead721ef5b11f1a7b530171aab69b16c5e66b6e,3,25832,28377,2545
0xcead721ef5b11f1a7b530171aab69b16c5e66b6e,count,1,3,2
0xcead721ef5b11f1a7b530171aab69b16c5e66b6e,1,missing,40061
0xcead721ef5b11f1a7b530171aab69b16c5e66b6e,2,missing,40061
0x1C65557B72804569BcD25cE53575A9C712e2Eff5,1,72324,missing
0x1C65557B72804569BcD25cE53575A9C712e2Eff5,2,55224,missing
0x1C65557B72804569BcD25cE53575A9C712e2Eff5,4,55224,28521,-26703
0x1C65557B72804569BcD25cE53575A9C712e2Eff5,5,55224,missing
0x1C65557B72804569BcD25cE53575A9C712e2Eff5,6,55224,28521,-26703
0x1C65557B72804569BcD25cE53575A9C712e2Eff5,7,55224,28521,-26703
0x1C65557B72804569BcD25cE53575A9C712e2Eff5,8,55224,missing
0x1C65557B72804569BcD25cE53575A9C712e2Eff5,9,55224,missing
0x1C65557B72804569BcD25cE53575A9C712e2Eff5,10,55224,28521,-26703
0x1C65557B72804569BcD25cE53575A9C712e2Eff5,11,55224,missing
0x1C65557B72804569BcD25cE53575A9C712e2Eff5,12,55224,missing
0x1C65557B72804569BcD25cE53575A9C712e2Eff5,13,55224,missing
0x1C65557B72804569BcD25cE53575A9C712e2Eff5,14,55224,missing
0x1C65557B72804569BcD25cE53575A9C712e2Eff5,15,55212,missing
0x1C65557B72804569BcD25cE53575A9C712e2Eff5,16,55224,missing
0x1C65557B72804569BcD25cE53575A9C712e2Eff5,17,55224,missing
0x1C65557B72804569BcD25cE53575A9C712e2Eff5,18,55224,missing
0x1C65557B72804569BcD25cE53575A9C712e2Eff5,19,55224,missing
0x1C65557B72804569BcD25cE53575A9C712e2Eff5,20,55224,missing
0x1C65557B72804569BcD25cE53575A9C712e2Eff5,21,55224,missing
0x1C65557B72804569BcD25cE53575A9C712e2Eff5,22,55224,missing
0x1C65557B72804569BcD25cE53575A9C712e2Eff5,23,55224,missing
0x1C65557B72804569BcD25cE53575A9C712e2Eff5,24,55224,missing
0x1C65557B72804569BcD25cE53575A9C712e2Eff5,25,55224,missing
0x1C65557B72804569BcD25cE53575A9C712e2Eff5,26,55224,missing
0x1C65557B72804569BcD25cE53575A9C712e2Eff5,27,55212,missing
0x1C65557B72804569BcD25cE53575A9C712e2Eff5,28,55224,28521,-26703
0x1C65557B72804569BcD25cE53575A9C712e2Eff5,29,55224,28521,-26703
0x1C65557B72804569BcD25cE53575A9C712e2Eff5,30,55224,missing
0x1C65557B72804569BcD25cE53575A9C712e2Eff5,31,55212,missing
0x1C65557B72804569BcD25cE53575A9C712e2Eff5,32,55224,missing
0x1C65557B72804569BcD25cE53575A9C712e2Eff5,33,55224,missing
0x1C65557B72804569BcD25cE53575A9C712e2Eff5,34,55224,missing
0x1C65557B72804569BcD25cE53575A9C712e2Eff5,35,55212,missing
0x1C65557B72804569BcD25cE53575A9C712e2Eff5,36,55224,missing
0x1C65557B72804569BcD25cE53575A9C712e2Eff5,37,55224,missing
0x1C65557B72804569BcD25cE53575A9C712e2Eff5,38,55224,missing
0x1C65557B72804569BcD25cE53575A9C712e2Eff5,39,55224,missing
0x1C65557B72804569BcD25cE53575A9C712e2Eff5,40,55224,missing
0x1C65557B72804569BcD25cE53575A9C712e2Eff5,41,55224,28521,-26703
0x1C65557B72804569BcD25cE53575A9C712e2Eff5,count,40,7,-33
0xf015c35649c82f5467c9c74b7f28ee67665aad68,2,25832,28377,2545
0xf015c35649c82f5467c9c74b7f28ee67665aad68,count,1,2,1
0xf015c35649c82f5467c9c74b7f28ee67665aad68,1,missing,40061
0x68E03D2DA62D026403C68601D650c877901876BF,1,52748,35382,-17366
0x68E03D2DA62D026403C68601D650c877901876BF,2,35672,35406,-266
0x68E03D2DA62D026403C68601D650c877901876BF,3,35672,35406,-266
0x68E03D2DA62D026403C68601D650c877901876BF,4,44269,44273,4
0x68E03D2DA62D026403C68601D650c877901876BF,5,44569,44573,4
0x68E03D2DA62D026403C68601D650c877901876BF,6,24369,24373,4
0x68E03D2DA62D026403C68601D650c877901876BF,count,6,6,0
0x87be69e5c196e0309cdf6957fd7141fda1df2b97,76,28917,missing
0x87be69e5c196e0309cdf6957fd7141fda1df2b97,84,28973,missing
0x87be69e5c196e0309cdf6957fd7141fda1df2b97,85,28973,missing
0x87be69e5c196e0309cdf6957fd7141fda1df2b97,103,25879,missing
0x87be69e5c196e0309cdf6957fd7141fda1df2b97,count,4,0,-4
0x5027880b5A4C5BBB88D229a334Aa8F31e6e67197,176,62793,missing
0x5027880b5A4C5BBB88D229a334Aa8F31e6e67197,188,26538,missing
0x5027880b5A4C5BBB88D229a334Aa8F31e6e67197,189,26538,missing
0x5027880b5A4C5BBB88D229a334Aa8F31e6e67197,197,24698,missing
0x5027880b5A4C5BBB88D229a334Aa8F31e6e67197,count,4,0,-4
0x61dc161B06088b9cbaaD53391134929A83D1EB7A,1,54241,missing
0x61dc161B06088b9cbaaD53391134929A83D1EB7A,2,68064,28529,-39535
0x61dc161B06088b9cbaaD53391134929A83D1EB7A,4,37057,35382,-1675
0x61dc161B06088b9cbaaD53391134929A83D1EB7A,5,37141,missing
0x61dc161B06088b9cbaaD53391134929A83D1EB7A,6,37141,missing
0x61dc161B06088b9cbaaD53391134929A83D1EB7A,9,33768,28433,-5335
0x61dc161B06088b9cbaaD53391134929A83D1EB7A,11,33936,28601,-5335
0x61dc161B06088b9cbaaD53391134929A83D1EB7A,12,30294,40453,10159
0x61dc161B06088b9cbaaD53391134929A83D1EB7A,13,33816,28481,-5335
0x61dc161B06088b9cbaaD53391134929A83D1EB7A,14,34427,32827,-1600
0x61dc161B06088b9cbaaD53391134929A83D1EB7A,16,24307,24289,-18
0x61dc161B06088b9cbaaD53391134929A83D1EB7A,18,34056,28721,-5335
0x61dc161B06088b9cbaaD53391134929A83D1EB7A,19,30294,40453,10159
0x61dc161B06088b9cbaaD53391134929A83D1EB7A,20,33840,28505,-5335
0x61dc161B06088b9cbaaD53391134929A83D1EB7A,21,29517,missing
0x61dc161B06088b9cbaaD53391134929A83D1EB7A,22,44267,44249,-18
0x61dc161B06088b9cbaaD53391134929A83D1EB7A,23,27167,27149,-18
0x61dc161B06088b9cbaaD53391134929A83D1EB7A,25,55168,28745,-26423
0x61dc161B06088b9cbaaD53391134929A83D1EB7A,28,37141,missing
0x61dc161B06088b9cbaaD53391134929A83D1EB7A,29,33936,28601,-5335
0x61dc161B06088b9cbaaD53391134929A83D1EB7A,30,30294,40453,10159
0x61dc161B06088b9cbaaD53391134929A83D1EB7A,31,33888,28553,-5335
0x61dc161B06088b9cbaaD53391134929A83D1EB7A,32,30294,40453,10159
0x61dc161B06088b9cbaaD53391134929A83D1EB7A,33,34008,28673,-5335
0x61dc161B06088b9cbaaD53391134929A83D1EB7A,34,30294,40453,10159
0x61dc161B06088b9cbaaD53391134929A83D1EB7A,35,44303,27185,-17118
0x61dc161B06088b9cbaaD53391134929A83D1EB7A,36,33768,28433,-5335
0x61dc161B06088b9cbaaD53391134929A83D1EB7A,37,33888,28553,-5335
0x61dc161B06088b9cbaaD53391134929A83D1EB7A,38,30294,40453,10159
0x61dc161B06088b9cbaaD53391134929A83D1EB7A,count,29,30,1
0x61dc161B06088b9cbaaD53391134929A83D1EB7A,3,missing,40453
0x61dc161B06088b9cbaaD53391134929A83D1EB7A,7,missing,40453
0x61dc161B06088b9cbaaD53391134929A83D1EB7A,8,missing,40453
0x61dc161B06088b9cbaaD53391134929A83D1EB7A,10,missing,40453
0x61dc161B06088b9cbaaD53391134929A83D1EB7A,15,missing,40453
0x61dc161B06088b9cbaaD53391134929A83D1EB7A,17,missing,40949
0x42CEE7DD9B47C2ceE35ca996a712E8c99471d46f,1,27444,missing
0x42CEE7DD9B47C2ceE35ca996a712E8c99471d46f,2,72319,missing
0x42CEE7DD9B47C2ceE35ca996a712E8c99471d46f,3,33864,missing
0x42CEE7DD9B47C2ceE35ca996a712E8c99471d46f,6,58234,missing
0x42CEE7DD9B47C2ceE35ca996a712E8c99471d46f,11,38131,missing
0x42CEE7DD9B47C2ceE35ca996a712E8c99471d46f,12,36346,missing
0x42CEE7DD9B47C2ceE35ca996a712E8c99471d46f,17,33804,missing
0x42CEE7DD9B47C2ceE35ca996a712E8c99471d46f,26,30968,missing
0x42CEE7DD9B47C2ceE35ca996a712E8c99471d46f,28,31004,missing
0x42CEE7DD9B47C2ceE35ca996a712E8c99471d46f,29,33804,missing
0x42CEE7DD9B47C2ceE35ca996a712E8c99471d46f,31,31016,missing
0x42CEE7DD9B47C2ceE35ca996a712E8c99471d46f,60,97244,missing
0x42CEE7DD9B47C2ceE35ca996a712E8c99471d46f,61,31064,missing
0x42CEE7DD9B47C2ceE35ca996a712E8c99471d46f,66,54705,missing
0x42CEE7DD9B47C2ceE35ca996a712E8c99471d46f,67,54705,missing
0x42CEE7DD9B47C2ceE35ca996a712E8c99471d46f,68,54705,missing
0x42CEE7DD9B47C2ceE35ca996a712E8c99471d46f,69,71805,missing
0x42CEE7DD9B47C2ceE35ca996a712E8c99471d46f,count,17,2,-15
0x42CEE7DD9B47C2ceE35ca996a712E8c99471d46f,58,missing,35394
0x42CEE7DD9B47C2ceE35ca996a712E8c99471d46f,65,missing,35394
0x8505185D59CA2B1381A727C3429098C62B18E71a,1,54334,missing
0x8505185D59CA2B1381A727C3429098C62B18E71a,2,54334,missing
0x8505185D59CA2B1381A727C3429098C62B18E71a,3,37246,missing
0x8505185D59CA2B1381A727C3429098C62B18E71a,4,54346,missing
0x8505185D59CA2B1381A727C3429098C62B18E71a,5,54346,missing
0x8505185D59CA2B1381A727C3429098C62B18E71a,6,54346,missing
0x8505185D59CA2B1381A727C3429098C62B18E71a,7,54346,missing
0x8505185D59CA2B1381A727C3429098C62B18E71a,8,54346,missing
0x8505185D59CA2B1381A727C3429098C62B18E71a,9,54334,missing
0x8505185D59CA2B1381A727C3429098C62B18E71a,10,54334,missing
0x8505185D59CA2B1381A727C3429098C62B18E71a,11,54334,missing
0x8505185D59CA2B1381A727C3429098C62B18E71a,12,54322,missing
0x8505185D59CA2B1381A727C3429098C62B18E71a,13,54322,missing
0x8505185D59CA2B1381A727C3429098C62B18E71a,14,54322,missing
0x8505185D59CA2B1381A727C3429098C62B18E71a,15,54322,missing
0x8505185D59CA2B1381A727C3429098C62B18E71a,16,54322,missing
0x8505185D59CA2B1381A727C3429098C62B18E71a,17,54322,missing
0x8505185D59CA2B1381A727C3429098C62B18E71a,18,54322,missing
0x8505185D59CA2B1381A727C3429098C62B18E71a,19,54322,missing
0x8505185D59CA2B1381A727C3429098C62B18E71a,20,54322,missing
0x8505185D59CA2B1381A727C3429098C62B18E71a,21,54322,missing
0x8505185D59CA2B1381A727C3429098C62B18E71a,22,54322,missing
0x8505185D59CA2B1381A727C3429098C62B18E71a,23,54322,missing
0x8505185D59CA2B1381A727C3429098C62B18E71a,24,54322,missing
0x8505185D59CA2B1381A727C3429098C62B18E71a,25,54322,missing
0x8505185D59CA2B1381A727C3429098C62B18E71a,26,54322,missing
0x8505185D59CA2B1381A727C3429098C62B18E71a,27,37222,missing
0x8505185D59CA2B1381A727C3429098C62B18E71a,28,54346,missing
0x8505185D59CA2B1381A727C3429098C62B18E71a,29,54334,missing
0x8505185D59CA2B1381A727C3429098C62B18E71a,30,54346,missing
0x8505185D59CA2B1381A727C3429098C62B18E71a,31,54346,missing
0x8505185D59CA2B1381A727C3429098C62B18E71a,32,37246,missing
0x8505185D59CA2B1381A727C3429098C62B18E71a,33,54322,missing
0x8505185D59CA2B1381A727C3429098C62B18E71a,34,54334,missing
0x8505185D59CA2B1381A727C3429098C62B18E71a,35,37234,missing
0x8505185D59CA2B1381A727C3429098C62B18E71a,44,49522,missing
0x8505185D59CA2B1381A727C3429098C62B18E71a,45,49534,missing
0x8505185D59CA2B1381A727C3429098C62B18E71a,57,49546,missing
0x8505185D59CA2B1381A727C3429098C62B18E71a,63,54334,missing
0x8505185D59CA2B1381A727C3429098C62B18E71a,64,49546,missing
0x8505185D59CA2B1381A727C3429098C62B18E71a,65,49534,missing
0x8505185D59CA2B1381A727C3429098C62B18E71a,66,49534,missing
0x8505185D59CA2B1381A727C3429098C62B18E71a,count,42,0,-42
0xec329ffc97d75fe03428ae155fc7793431487f63,1,388552,31585,-356967
0xec329ffc97d75fe03428ae155fc7793431487f63,count,1,3,2
0xec329ffc97d75fe03428ae155fc7793431487f63,2,missing,28153
0xec329ffc97d75fe03428ae155fc7793431487f63,3,missing,28153
0x7a4349a749e59a5736efb7826ee3496a2dfd5489,1,21040,40061,19021
0x7a4349a749e59a5736efb7826ee3496a2dfd5489,2,30531,28153,-2378
0x7a4349a749e59a5736efb7826ee3496a2dfd5489,count,2,2,0
0xbaa3de6504690efb064420d89e871c27065cdd52,1,65645,40453,-25192
0xbaa3de6504690efb064420d89e871c27065cdd52,2,26046,29509,3463
0xbaa3de6504690efb064420d89e871c27065cdd52,3,32814,28365,-4449
0xbaa3de6504690efb064420d89e871c27065cdd52,count,3,3,0
0x8EEb73BEFd9285d686d6Cf7649Ed657514a714CB,count,0,0,0
0x50ca2DE80e803bF4b00f188545BCA959540C5582,1,29642,28153,-1489
0x50ca2DE80e803bF4b00f188545BCA959540C5582,2,85648,missing
0x50ca2DE80e803bF4b00f188545BCA959540C5582,3,66098,missing
0x50ca2DE80e803bF4b00f188545BCA959540C5582,4,66086,missing
0x50ca2DE80e803bF4b00f188545BCA959540C5582,5,66098,missing
0x50ca2DE80e803bF4b00f188545BCA959540C5582,6,66098,missing
0x50ca2DE80e803bF4b00f188545BCA959540C5582,7,66086,missing
0x50ca2DE80e803bF4b00f188545BCA959540C5582,8,66892,missing
0x50ca2DE80e803bF4b00f188545BCA959540C5582,9,66098,missing
0x50ca2DE80e803bF4b00f188545BCA959540C5582,10,66086,missing
0x50ca2DE80e803bF4b00f188545BCA959540C5582,11,66098,missing
0x50ca2DE80e803bF4b00f188545BCA959540C5582,12,66086,missing
0x50ca2DE80e803bF4b00f188545BCA959540C5582,13,48998,missing
0x50ca2DE80e803bF4b00f188545BCA959540C5582,14,66098,missing
0x50ca2DE80e803bF4b00f188545BCA959540C5582,15,66098,missing
0x50ca2DE80e803bF4b00f188545BCA959540C5582,16,66098,missing
0x50ca2DE80e803bF4b00f188545BCA959540C5582,17,48998,missing
0x50ca2DE80e803bF4b00f188545BCA959540C5582,18,48998,missing
0x50ca2DE80e803bF4b00f188545BCA959540C5582,19,48998,missing
0x50ca2DE80e803bF4b00f188545BCA959540C5582,20,48998,missing
0x50ca2DE80e803bF4b00f188545BCA959540C5582,21,66098,missing
0x50ca2DE80e803bF4b00f188545BCA959540C5582,22,66892,missing
0x50ca2DE80e803bF4b00f188545BCA959540C5582,23,66098,missing
0x50ca2DE80e803bF4b00f188545BCA959540C5582,24,66110,missing
0x50ca2DE80e803bF4b00f188545BCA959540C5582,25,66086,missing
0x50ca2DE80e803bF4b00f188545BCA959540C5582,26,66098,missing
0x50ca2DE80e803bF4b00f188545BCA959540C5582,27,66098,missing
0x50ca2DE80e803bF4b00f188545BCA959540C5582,28,66880,missing
0x50ca2DE80e803bF4b00f188545BCA959540C5582,29,66098,missing
0x50ca2DE80e803bF4b00f188545BCA959540C5582,30,66892,missing
0x50ca2DE80e803bF4b00f188545BCA959540C5582,31,48998,missing
0x50ca2DE80e803bF4b00f188545BCA959540C5582,32,66098,missing
0x50ca2DE80e803bF4b00f188545BCA959540C5582,33,49780,missing
0x50ca2DE80e803bF4b00f188545BCA959540C5582,34,66098,missing
0x50ca2DE80e803bF4b00f188545BCA959540C5582,35,66098,missing
0x50ca2DE80e803bF4b00f188545BCA959540C5582,36,66086,missing
0x50ca2DE80e803bF4b00f188545BCA959540C5582,37,66098,missing
0x50ca2DE80e803bF4b00f188545BCA959540C5582,38,66880,missing
0x50ca2DE80e803bF4b00f188545BCA959540C5582,39,66892,missing
0x50ca2DE80e803bF4b00f188545BCA959540C5582,40,66098,missing
0x50ca2DE80e803bF4b00f188545BCA959540C5582,41,48998,missing
0x50ca2DE80e803bF4b00f188545BCA959540C5582,42,66892,missing
0x50ca2DE80e803bF4b00f188545BCA959540C5582,43,49792,missing
0x50ca2DE80e803bF4b00f188545BCA959540C5582,44,49792,missing
0x50ca2DE80e803bF4b00f188545BCA959540C5582,45,66892,missing
0x50ca2DE80e803bF4b00f188545BCA959540C5582,46,66086,missing
0x50ca2DE80e803bF4b00f188545BCA959540C5582,47,66098,missing
0x50ca2DE80e803bF4b00f188545BCA959540C5582,48,66098,missing
0x50ca2DE80e803bF4b00f188545BCA959540C5582,49,48998,missing
0x50ca2DE80e803bF4b00f188545BCA959540C5582,50,49792,missing
0x50ca2DE80e803bF4b00f188545BCA959540C5582,51,66098,missing
0x50ca2DE80e803bF4b00f188545BCA959540C5582,52,66892,missing
0x50ca2DE80e803bF4b00f188545BCA959540C5582,53,66098,missing
0x50ca2DE80e803bF4b00f188545BCA959540C5582,54,66086,missing
0x50ca2DE80e803bF4b00f188545BCA959540C5582,55,66086,missing
0x50ca2DE80e803bF4b00f188545BCA959540C5582,56,66098,missing
0x50ca2DE80e803bF4b00f188545BCA959540C5582,57,66892,missing
0x50ca2DE80e803bF4b00f188545BCA959540C5582,58,49792,missing
0x50ca2DE80e803bF4b00f188545BCA959540C5582,59,66098,missing
0x50ca2DE80e803bF4b00f188545BCA959540C5582,60,66086,missing
0x50ca2DE80e803bF4b00f188545BCA959540C5582,61,66098,missing
0x50ca2DE80e803bF4b00f188545BCA959540C5582,62,66098,missing
0x50ca2DE80e803bF4b00f188545BCA959540C5582,63,48998,missing
0x50ca2DE80e803bF4b00f188545BCA959540C5582,64,66098,missing
0x50ca2DE80e803bF4b00f188545BCA959540C5582,65,66086,missing
0x50ca2DE80e803bF4b00f188545BCA959540C5582,66,66098,missing
0x50ca2DE80e803bF4b00f188545BCA959540C5582,67,68560,missing
0x50ca2DE80e803bF4b00f188545BCA959540C5582,68,66086,missing
0x50ca2DE80e803bF4b00f188545BCA959540C5582,69,66098,missing
0x50ca2DE80e803bF4b00f188545BCA959540C5582,70,68560,missing
0x50ca2DE80e803bF4b00f188545BCA959540C5582,71,48998,missing
0x50ca2DE80e803bF4b00f188545BCA959540C5582,72,66074,missing
0x50ca2DE80e803bF4b00f188545BCA959540C5582,73,66086,missing
0x50ca2DE80e803bF4b00f188545BCA959540C5582,74,66098,missing
0x50ca2DE80e803bF4b00f188545BCA959540C5582,75,66098,missing
0x50ca2DE80e803bF4b00f188545BCA959540C5582,76,68560,missing
0x50ca2DE80e803bF4b00f188545BCA959540C5582,77,66892,missing
0x50ca2DE80e803bF4b00f188545BCA959540C5582,78,66872,missing
0x50ca2DE80e803bF4b00f188545BCA959540C5582,79,66086,missing
0x50ca2DE80e803bF4b00f188545BCA959540C5582,80,66098,missing
0x50ca2DE80e803bF4b00f188545BCA959540C5582,81,68560,missing
0x50ca2DE80e803bF4b00f188545BCA959540C5582,82,66892,missing
0x50ca2DE80e803bF4b00f188545BCA959540C5582,83,66098,missing
0x50ca2DE80e803bF4b00f188545BCA959540C5582,84,66098,missing
0x50ca2DE80e803bF4b00f188545BCA959540C5582,85,68560,missing
0x50ca2DE80e803bF4b00f188545BCA959540C5582,86,66892,missing
0x50ca2DE80e803bF4b00f188545BCA959540C5582,87,66098,missing
0x50ca2DE80e803bF4b00f188545BCA959540C5582,88,66098,missing
0x50ca2DE80e803bF4b00f188545BCA959540C5582,89,66098,missing
0x50ca2DE80e803bF4b00f188545BCA959540C5582,90,66892,missing
0x50ca2DE80e803bF4b00f188545BCA959540C5582,91,66098,missing
0x50ca2DE80e803bF4b00f188545BCA959540C5582,92,66086,missing
0x50ca2DE80e803bF4b00f188545BCA959540C5582,93,68560,missing
0x50ca2DE80e803bF4b00f188545BCA959540C5582,94,66086,missing
0x50ca2DE80e803bF4b00f188545BCA959540C5582,95,66098,missing
0x50ca2DE80e803bF4b00f188545BCA959540C5582,96,66086,missing
0x50ca2DE80e803bF4b00f188545BCA959540C5582,97,66098,missing
0x50ca2DE80e803bF4b00f188545BCA959540C5582,98,66098,missing
0x50ca2DE80e803bF4b00f188545BCA959540C5582,99,66098,missing
0x50ca2DE80e803bF4b00f188545BCA959540C5582,100,48998,missing
0x50ca2DE80e803bF4b00f188545BCA959540C5582,101,68548,missing
0x50ca2DE80e803bF4b00f188545BCA959540C5582,102,66904,missing
0x50ca2DE80e803bF4b00f188545BCA959540C5582,103,66086,missing
0x50ca2DE80e803bF4b00f188545BCA959540C5582,104,48998,missing
0x50ca2DE80e803bF4b00f188545BCA959540C5582,105,66098,missing
0x50ca2DE80e803bF4b00f188545BCA959540C5582,106,66884,missing
0x50ca2DE80e803bF4b00f188545BCA959540C5582,107,66086,missing
0x50ca2DE80e803bF4b00f188545BCA959540C5582,108,66086,missing
0x50ca2DE80e803bF4b00f188545BCA959540C5582,109,66098,missing
0x50ca2DE80e803bF4b00f188545BCA959540C5582,110,68560,missing
0x50ca2DE80e803bF4b00f188545BCA959540C5582,111,68560,missing
0x50ca2DE80e803bF4b00f188545BCA959540C5582,112,66098,missing
0x50ca2DE80e803bF4b00f188545BCA959540C5582,113,66098,missing
0x50ca2DE80e803bF4b00f188545BCA959540C5582,114,66098,missing
0x50ca2DE80e803bF4b00f188545BCA959540C5582,115,66880,missing
0x50ca2DE80e803bF4b00f188545BCA959540C5582,116,66098,missing
0x50ca2DE80e803bF4b00f188545BCA959540C5582,117,66892,missing
0x50ca2DE80e803bF4b00f188545BCA959540C5582,118,66098,missing
0x50ca2DE80e803bF4b00f188545BCA959540C5582,119,66098,missing
0x50ca2DE80e803bF4b00f188545BCA959540C5582,120,66098,missing
0x50ca2DE80e803bF4b00f188545BCA959540C5582,121,66892,missing
0x50ca2DE80e803bF4b00f188545BCA959540C5582,122,66098,missing
0x50ca2DE80e803bF4b00f188545BCA959540C5582,123,51460,missing
0x50ca2DE80e803bF4b00f188545BCA959540C5582,124,66086,missing
0x50ca2DE80e803bF4b00f188545BCA959540C5582,125,66098,missing
0x50ca2DE80e803bF4b00f188545BCA959540C5582,126,66098,missing
0x50ca2DE80e803bF4b00f188545BCA959540C5582,127,66892,missing
0x50ca2DE80e803bF4b00f188545BCA959540C5582,128,66098,missing
0x50ca2DE80e803bF4b00f188545BCA959540C5582,129,66098,missing
0x50ca2DE80e803bF4b00f188545BCA959540C5582,130,48998,missing
0x50ca2DE80e803bF4b00f188545BCA959540C5582,131,66098,missing
0x50ca2DE80e803bF4b00f188545BCA959540C5582,132,48998,missing
0x50ca2DE80e803bF4b00f188545BCA959540C5582,133,66098,missing
0x50ca2DE80e803bF4b00f188545BCA959540C5582,134,66098,missing
0x50ca2DE80e803bF4b00f188545BCA959540C5582,135,66098,missing
0x50ca2DE80e803bF4b00f188545BCA959540C5582,136,66098,missing
0x50ca2DE80e803bF4b00f188545BCA959540C5582,137,48986,missing
0x50ca2DE80e803bF4b00f188545BCA959540C5582,138,66098,missing
0x50ca2DE80e803bF4b00f188545BCA959540C5582,139,66086,missing
0x50ca2DE80e803bF4b00f188545BCA959540C5582,140,66098,missing
0x50ca2DE80e803bF4b00f188545BCA959540C5582,141,66098,missing
0x50ca2DE80e803bF4b00f188545BCA959540C5582,142,66110,missing
0x50ca2DE80e803bF4b00f188545BCA959540C5582,143,66086,missing
0x50ca2DE80e803bF4b00f188545BCA959540C5582,144,66098,missing
0x50ca2DE80e803bF4b00f188545BCA959540C5582,145,49792,missing
0x50ca2DE80e803bF4b00f188545BCA959540C5582,146,66098,missing
0x50ca2DE80e803bF4b00f188545BCA959540C5582,147,66098,missing
0x50ca2DE80e803bF4b00f188545BCA959540C5582,148,66892,missing
0x50ca2DE80e803bF4b00f188545BCA959540C5582,149,66098,missing
0x50ca2DE80e803bF4b00f188545BCA959540C5582,150,48998,missing
0x50ca2DE80e803bF4b00f188545BCA959540C5582,151,66880,missing
0x50ca2DE80e803bF4b00f188545BCA959540C5582,152,66098,missing
0x50ca2DE80e803bF4b00f188545BCA959540C5582,153,48998,missing
0x50ca2DE80e803bF4b00f188545BCA959540C5582,154,66880,missing
0x50ca2DE80e803bF4b00f188545BCA959540C5582,155,66098,missing
0x50ca2DE80e803bF4b00f188545BCA959540C5582,156,66098,missing
0x50ca2DE80e803bF4b00f188545BCA959540C5582,157,66098,missing
0x50ca2DE80e803bF4b00f188545BCA959540C5582,158,48998,missing
0x50ca2DE80e803bF4b00f188545BCA959540C5582,159,66098,missing
0x50ca2DE80e803bF4b00f188545BCA959540C5582,160,48986,missing
0x50ca2DE80e803bF4b00f188545BCA959540C5582,161,66892,missing
0x50ca2DE80e803bF4b00f188545BCA959540C5582,162,66098,missing
0x50ca2DE80e803bF4b00f188545BCA959540C5582,163,66086,missing
0x50ca2DE80e803bF4b00f188545BCA959540C5582,164,66098,missing
0x50ca2DE80e803bF4b00f188545BCA959540C5582,165,66098,missing
0x50ca2DE80e803bF4b00f188545BCA959540C5582,166,66098,missing
0x50ca2DE80e803bF4b00f188545BCA959540C5582,167,66098,missing
0x50ca2DE80e803bF4b00f188545BCA959540C5582,168,48986,missing
0x50ca2DE80e803bF4b00f188545BCA959540C5582,169,68560,missing
0x50ca2DE80e803bF4b00f188545BCA959540C5582,170,66098,missing
0x50ca2DE80e803bF4b00f188545BCA959540C5582,171,66086,missing
0x50ca2DE80e803bF4b00f188545BCA959540C5582,172,66892,missing
0x50ca2DE80e803bF4b00f188545BCA959540C5582,173,66892,missing
0x50ca2DE80e803bF4b00f188545BCA959540C5582,174,66086,missing
0x50ca2DE80e803bF4b00f188545BCA959540C5582,175,66892,missing
0x50ca2DE80e803bF4b00f188545BCA959540C5582,176,66098,missing
0x50ca2DE80e803bF4b00f188545BCA959540C5582,177,66892,missing
0x50ca2DE80e803bF4b00f188545BCA959540C5582,178,66098,missing
0x50ca2DE80e803bF4b00f188545BCA959540C5582,179,66098,missing
0x50ca2DE80e803bF4b00f188545BCA959540C5582,180,48986,missing
0x50ca2DE80e803bF4b00f188545BCA959540C5582,181,66098,missing
0x50ca2DE80e803bF4b00f188545BCA959540C5582,182,68560,missing
0x50ca2DE80e803bF4b00f188545BCA959540C5582,183,66074,missing
0x50ca2DE80e803bF4b00f188545BCA959540C5582,184,48998,missing
0x50ca2DE80e803bF4b00f188545BCA959540C5582,185,48998,missing
0x50ca2DE80e803bF4b00f188545BCA959540C5582,186,66098,missing
0x50ca2DE80e803bF4b00f188545BCA959540C5582,187,68560,missing
0x50ca2DE80e803bF4b00f188545BCA959540C5582,188,48986,missing
0x50ca2DE80e803bF4b00f188545BCA959540C5582,189,68560,missing
0x50ca2DE80e803bF4b00f188545BCA959540C5582,190,68560,missing
0x50ca2DE80e803bF4b00f188545BCA959540C5582,191,68560,missing
0x50ca2DE80e803bF4b00f188545BCA959540C5582,192,66098,missing
0x50ca2DE80e803bF4b00f188545BCA959540C5582,193,66098,missing
0x50ca2DE80e803bF4b00f188545BCA959540C5582,194,66098,missing
0x50ca2DE80e803bF4b00f188545BCA959540C5582,195,66098,missing
0x50ca2DE80e803bF4b00f188545BCA959540C5582,196,66098,missing
0x50ca2DE80e803bF4b00f188545BCA959540C5582,197,48998,missing
0x50ca2DE80e803bF4b00f188545BCA959540C5582,198,66098,missing
0x50ca2DE80e803bF4b00f188545BCA959540C5582,199,66892,missing
0x50ca2DE80e803bF4b00f188545BCA959540C5582,200,48998,missing
0x50ca2DE80e803bF4b00f188545BCA959540C5582,201,66892,missing
0x50ca2DE80e803bF4b00f188545BCA959540C5582,202,68560,missing
0x50ca2DE80e803bF4b00f188545BCA959540C5582,203,51460,missing
0x50ca2DE80e803bF4b00f188545BCA959540C5582,204,68560,missing
0x50ca2DE80e803bF4b00f188545BCA959540C5582,205,66098,missing
0x50ca2DE80e803bF4b00f188545BCA959540C5582,206,49792,missing
0x50ca2DE80e803bF4b00f188545BCA959540C5582,207,66098,missing
0x50ca2DE80e803bF4b00f188545BCA959540C5582,208,66086,missing
0x50ca2DE80e803bF4b00f188545BCA959540C5582,209,68560,missing
0x50ca2DE80e803bF4b00f188545BCA959540C5582,210,66098,missing
0x50ca2DE80e803bF4b00f188545BCA959540C5582,211,48998,missing
0x50ca2DE80e803bF4b00f188545BCA959540C5582,212,66098,missing
0x50ca2DE80e803bF4b00f188545BCA959540C5582,213,48998,missing
0x50ca2DE80e803bF4b00f188545BCA959540C5582,214,68560,missing
0x50ca2DE80e803bF4b00f188545BCA959540C5582,215,68560,missing
0x50ca2DE80e803bF4b00f188545BCA959540C5582,216,66098,missing
0x50ca2DE80e803bF4b00f188545BCA959540C5582,217,66098,missing
0x50ca2DE80e803bF4b00f188545BCA959540C5582,218,68560,missing
0x50ca2DE80e803bF4b00f188545BCA959540C5582,219,68560,missing
0x50ca2DE80e803bF4b00f188545BCA959540C5582,220,51460,missing
0x50ca2DE80e803bF4b00f188545BCA959540C5582,221,66098,missing
0x50ca2DE80e803bF4b00f188545BCA959540C5582,222,66098,missing
0x50ca2DE80e803bF4b00f188545BCA959540C5582,223,48998,missing
0x50ca2DE80e803bF4b00f188545BCA959540C5582,224,66098,missing
0x50ca2DE80e803bF4b00f188545BCA959540C5582,225,66892,missing
0x50ca2DE80e803bF4b00f188545BCA959540C5582,226,66098,missing
0x50ca2DE80e803bF4b00f188545BCA959540C5582,227,51460,missing
0x50ca2DE80e803bF4b00f188545BCA959540C5582,228,66098,missing
0x50ca2DE80e803bF4b00f188545BCA959540C5582,229,48998,missing
0x50ca2DE80e803bF4b00f188545BCA959540C5582,230,68548,missing
0x50ca2DE80e803bF4b00f188545BCA959540C5582,231,48998,missing
0x50ca2DE80e803bF4b00f188545BCA959540C5582,232,66098,missing
0x50ca2DE80e803bF4b00f188545BCA959540C5582,233,68560,missing
0x50ca2DE80e803bF4b00f188545BCA959540C5582,234,66086,missing
0x50ca2DE80e803bF4b00f188545BCA959540C5582,235,66098,missing
0x50ca2DE80e803bF4b00f188545BCA959540C5582,236,66098,missing
0x50ca2DE80e803bF4b00f188545BCA959540C5582,237,66086,missing
0x50ca2DE80e803bF4b00f188545BCA959540C5582,238,68560,missing
0x50ca2DE80e803bF4b00f188545BCA959540C5582,239,66098,missing
0x50ca2DE80e803bF4b00f188545BCA959540C5582,240,66086,missing
0x50ca2DE80e803bF4b00f188545BCA959540C5582,241,66098,missing
0x50ca2DE80e803bF4b00f188545BCA959540C5582,242,66098,missing
0x50ca2DE80e803bF4b00f188545BCA959540C5582,243,66086,missing
0x50ca2DE80e803bF4b00f188545BCA959540C5582,244,66098,missing
0x50ca2DE80e803bF4b00f188545BCA959540C5582,245,66098,missing
0x50ca2DE80e803bF4b00f188545BCA959540C5582,246,48998,missing
0x50ca2DE80e803bF4b00f188545BCA959540C5582,247,66098,missing
0x50ca2DE80e803bF4b00f188545BCA959540C5582,248,48998,missing
0x50ca2DE80e803bF4b00f188545BCA959540C5582,249,66098,missing
0x50ca2DE80e803bF4b00f188545BCA959540C5582,250,48998,missing
0x50ca2DE80e803bF4b00f188545BCA959540C5582,251,51448,missing
0x50ca2DE80e803bF4b00f188545BCA959540C5582,252,66086,missing
0x50ca2DE80e803bF4b00f188545BCA959540C5582,253,66074,missing
0x50ca2DE80e803bF4b00f188545BCA959540C5582,254,66098,missing
0x50ca2DE80e803bF4b00f188545BCA959540C5582,255,66892,missing
0x50ca2DE80e803bF4b00f188545BCA959540C5582,256,66098,missing
0x50ca2DE80e803bF4b00f188545BCA959540C5582,257,66086,missing
0x50ca2DE80e803bF4b00f188545BCA959540C5582,258,66098,missing
0x50ca2DE80e803bF4b00f188545BCA959540C5582,259,66098,missing
0x50ca2DE80e803bF4b00f188545BCA959540C5582,260,66098,missing
0x50ca2DE80e803bF4b00f188545BCA959540C5582,261,66098,missing
0x50ca2DE80e803bF4b00f188545BCA959540C5582,262,66098,missing
0x50ca2DE80e803bF4b00f188545BCA959540C5582,263,49792,missing
0x50ca2DE80e803bF4b00f188545BCA959540C5582,264,68548,missing
0x50ca2DE80e803bF4b00f188545BCA959540C5582,265,48998,missing
0x50ca2DE80e803bF4b00f188545BCA959540C5582,266,66086,missing
0x50ca2DE80e803bF4b00f188545BCA959540C5582,267,66098,missing
0x50ca2DE80e803bF4b00f188545BCA959540C5582,268,66098,missing
0x50ca2DE80e803bF4b00f188545BCA959540C5582,269,66098,missing
0x50ca2DE80e803bF4b00f188545BCA959540C5582,270,66098,missing
0x50ca2DE80e803bF4b00f188545BCA959540C5582,271,66098,missing
0x50ca2DE80e803bF4b00f188545BCA959540C5582,272,68548,missing
0x50ca2DE80e803bF4b00f188545BCA959540C5582,273,49792,missing
0x50ca2DE80e803bF4b00f188545BCA959540C5582,274,66098,missing
0x50ca2DE80e803bF4b00f188545BCA959540C5582,275,48998,missing
0x50ca2DE80e803bF4b00f188545BCA959540C5582,276,66892,missing
0x50ca2DE80e803bF4b00f188545BCA959540C5582,277,66098,missing
0x50ca2DE80e803bF4b00f188545BCA959540C5582,278,66086,missing
0x50ca2DE80e803bF4b00f188545BCA959540C5582,279,66098,missing
0x50ca2DE80e803bF4b00f188545BCA959540C5582,280,66892,missing
0x50ca2DE80e803bF4b00f188545BCA959540C5582,281,66098,missing
0x50ca2DE80e803bF4b00f188545BCA959540C5582,282,66892,missing
0x50ca2DE80e803bF4b00f188545BCA959540C5582,283,66098,missing
0x50ca2DE80e803bF4b00f188545BCA959540C5582,284,66098,missing
0x50ca2DE80e803bF4b00f188545BCA959540C5582,285,66098,missing
0x50ca2DE80e803bF4b00f188545BCA959540C5582,286,66098,missing
0x50ca2DE80e803bF4b00f188545BCA959540C5582,287,66098,missing
0x50ca2DE80e803bF4b00f188545BCA959540C5582,288,66098,missing
0x50ca2DE80e803bF4b00f188545BCA959540C5582,289,68560,missing
0x50ca2DE80e803bF4b00f188545BCA959540C5582,290,66086,missing
0x50ca2DE80e803bF4b00f188545BCA959540C5582,291,66098,missing
0x50ca2DE80e803bF4b00f188545BCA959540C5582,292,66098,missing
0x50ca2DE80e803bF4b00f188545BCA959540C5582,293,48998,missing
0x50ca2DE80e803bF4b00f188545BCA959540C5582,294,66098,missing
0x50ca2DE80e803bF4b00f188545BCA959540C5582,295,66098,missing
0x50ca2DE80e803bF4b00f188545BCA959540C5582,296,66086,missing
0x50ca2DE80e803bF4b00f188545BCA959540C5582,297,48998,missing
0x50ca2DE80e803bF4b00f188545BCA959540C5582,298,66098,missing
0x50ca2DE80e803bF4b00f188545BCA959540C5582,299,48998,missing
0x50ca2DE80e803bF4b00f188545BCA959540C5582,300,49792,missing
0x50ca2DE80e803bF4b00f188545BCA959540C5582,301,66098,missing
0x50ca2DE80e803bF4b00f188545BCA959540C5582,302,66098,missing
0x50ca2DE80e803bF4b00f188545BCA959540C5582,303,66086,missing
0x50ca2DE80e803bF4b00f188545BCA959540C5582,304,48998,missing
0x50ca2DE80e803bF4b00f188545BCA959540C5582,305,66086,missing
0x50ca2DE80e803bF4b00f188545BCA959540C5582,306,66098,missing
0x50ca2DE80e803bF4b00f188545BCA959540C5582,307,48998,missing
0x50ca2DE80e803bF4b00f188545BCA959540C5582,308,66086,missing
0x50ca2DE80e803bF4b00f188545BCA959540C5582,309,48974,missing
0x50ca2DE80e803bF4b00f188545BCA959540C5582,310,68560,missing
0x50ca2DE80e803bF4b00f188545BCA959540C5582,311,66086,missing
0x50ca2DE80e803bF4b00f188545BCA959540C5582,312,66098,missing
0x50ca2DE80e803bF4b00f188545BCA959540C5582,313,68560,missing
0x50ca2DE80e803bF4b00f188545BCA959540C5582,314,51460,missing
0x50ca2DE80e803bF4b00f188545BCA959540C5582,315,68560,missing
0x50ca2DE80e803bF4b00f188545BCA959540C5582,316,66098,missing
0x50ca2DE80e803bF4b00f188545BCA959540C5582,317,66098,missing
0x50ca2DE80e803bF4b00f188545BCA959540C5582,318,48998,missing
0x50ca2DE80e803bF4b00f188545BCA959540C5582,319,66098,missing
0x50ca2DE80e803bF4b00f188545BCA959540C5582,320,66086,missing
0x50ca2DE80e803bF4b00f188545BCA959540C5582,321,68536,missing
0x50ca2DE80e803bF4b00f188545BCA959540C5582,322,68560,missing
0x50ca2DE80e803bF4b00f188545BCA959540C5582,323,49792,missing
0x50ca2DE80e803bF4b00f188545BCA959540C5582,324,66098,missing
0x50ca2DE80e803bF4b00f188545BCA959540C5582,325,66110,missing
0x50ca2DE80e803bF4b00f188545BCA959540C5582,326,66098,missing
0x50ca2DE80e803bF4b00f188545BCA959540C5582,327,68548,missing
0x50ca2DE80e803bF4b00f188545BCA959540C5582,328,51460,missing
0x50ca2DE80e803bF4b00f188545BCA959540C5582,329,51448,missing
0x50ca2DE80e803bF4b00f188545BCA959540C5582,330,66098,missing
0x50ca2DE80e803bF4b00f188545BCA959540C5582,331,66098,missing
0x50ca2DE80e803bF4b00f188545BCA959540C5582,332,66892,missing
0x50ca2DE80e803bF4b00f188545BCA959540C5582,count,332,1,-331
0x6994699c731dd7e389c209201ec51e8aff283bf9,count,0,0,0
0x9f03d94bf3545153cb28014bC7D1e7177cA99034,1,54233,missing
0x9f03d94bf3545153cb28014bC7D1e7177cA99034,2,54233,missing
0x9f03d94bf3545153cb28014bC7D1e7177cA99034,3,54233,missing
0x9f03d94bf3545153cb28014bC7D1e7177cA99034,4,38066,28721,-9345
0x9f03d94bf3545153cb28014bC7D1e7177cA99034,5,37133,missing
0x9f03d94bf3545153cb28014bC7D1e7177cA99034,6,37133,missing
0x9f03d94bf3545153cb28014bC7D1e7177cA99034,7,54245,missing
0x9f03d94bf3545153cb28014bC7D1e7177cA99034,count,7,1,-6
0x584a0EC8A7A3fcfEd27Db5C234A9062863883778,1,53008,missing
0x584a0EC8A7A3fcfEd27Db5C234A9062863883778,2,53008,missing
0x584a0EC8A7A3fcfEd27Db5C234A9062863883778,3,53008,missing
0x584a0EC8A7A3fcfEd27Db5C234A9062863883778,4,35908,missing
0x584a0EC8A7A3fcfEd27Db5C234A9062863883778,5,35908,missing
0x584a0EC8A7A3fcfEd27Db5C234A9062863883778,6,35908,missing
0x584a0EC8A7A3fcfEd27Db5C234A9062863883778,7,53008,missing
0x584a0EC8A7A3fcfEd27Db5C234A9062863883778,8,53008,missing
0x584a0EC8A7A3fcfEd27Db5C234A9062863883778,9,53008,missing
0x584a0EC8A7A3fcfEd27Db5C234A9062863883778,10,53008,missing
0x584a0EC8A7A3fcfEd27Db5C234A9062863883778,11,52996,missing
0x584a0EC8A7A3fcfEd27Db5C234A9062863883778,12,53008,missing
0x584a0EC8A7A3fcfEd27Db5C234A9062863883778,13,52996,missing
0x584a0EC8A7A3fcfEd27Db5C234A9062863883778,14,35908,missing
0x584a0EC8A7A3fcfEd27Db5C234A9062863883778,15,53008,missing
0x584a0EC8A7A3fcfEd27Db5C234A9062863883778,16,53008,missing
0x584a0EC8A7A3fcfEd27Db5C234A9062863883778,17,53008,missing
0x584a0EC8A7A3fcfEd27Db5C234A9062863883778,18,53008,missing
0x584a0EC8A7A3fcfEd27Db5C234A9062863883778,19,35908,missing
0x584a0EC8A7A3fcfEd27Db5C234A9062863883778,20,53008,missing
0x584a0EC8A7A3fcfEd27Db5C234A9062863883778,21,53008,missing
0x584a0EC8A7A3fcfEd27Db5C234A9062863883778,22,35908,missing
0x584a0EC8A7A3fcfEd27Db5C234A9062863883778,23,53008,missing
0x584a0EC8A7A3fcfEd27Db5C234A9062863883778,24,53008,missing
0x584a0EC8A7A3fcfEd27Db5C234A9062863883778,25,53008,missing
0x584a0EC8A7A3fcfEd27Db5C234A9062863883778,26,53008,missing
0x584a0EC8A7A3fcfEd27Db5C234A9062863883778,27,53008,missing
0x584a0EC8A7A3fcfEd27Db5C234A9062863883778,28,53008,missing
0x584a0EC8A7A3fcfEd27Db5C234A9062863883778,29,35908,missing
0x584a0EC8A7A3fcfEd27Db5C234A9062863883778,30,35908,missing
0x584a0EC8A7A3fcfEd27Db5C234A9062863883778,31,35908,missing
0x584a0EC8A7A3fcfEd27Db5C234A9062863883778,32,53008,missing
0x584a0EC8A7A3fcfEd27Db5C234A9062863883778,33,53008,missing
0x584a0EC8A7A3fcfEd27Db5C234A9062863883778,34,53008,missing
0x584a0EC8A7A3fcfEd27Db5C234A9062863883778,35,35908,missing
0x584a0EC8A7A3fcfEd27Db5C234A9062863883778,36,35908,missing
0x584a0EC8A7A3fcfEd27Db5C234A9062863883778,37,53020,missing
0x584a0EC8A7A3fcfEd27Db5C234A9062863883778,38,35908,missing
0x584a0EC8A7A3fcfEd27Db5C234A9062863883778,39,35908,missing
0x584a0EC8A7A3fcfEd27Db5C234A9062863883778,40,35908,missing
0x584a0EC8A7A3fcfEd27Db5C234A9062863883778,41,35908,missing
0x584a0EC8A7A3fcfEd27Db5C234A9062863883778,42,35908,missing
0x584a0EC8A7A3fcfEd27Db5C234A9062863883778,43,53008,missing
0x584a0EC8A7A3fcfEd27Db5C234A9062863883778,44,53008,missing
0x584a0EC8A7A3fcfEd27Db5C234A9062863883778,45,53008,missing
0x584a0EC8A7A3fcfEd27Db5C234A9062863883778,46,53008,missing
0x584a0EC8A7A3fcfEd27Db5C234A9062863883778,47,35908,missing
0x584a0EC8A7A3fcfEd27Db5C234A9062863883778,48,53020,missing
0x584a0EC8A7A3fcfEd27Db5C234A9062863883778,49,53008,missing
0x584a0EC8A7A3fcfEd27Db5C234A9062863883778,50,53008,missing
0x584a0EC8A7A3fcfEd27Db5C234A9062863883778,51,52996,missing
0x584a0EC8A7A3fcfEd27Db5C234A9062863883778,52,53008,missing
0x584a0EC8A7A3fcfEd27Db5C234A9062863883778,53,53008,missing
0x584a0EC8A7A3fcfEd27Db5C234A9062863883778,54,53008,missing
0x584a0EC8A7A3fcfEd27Db5C234A9062863883778,55,53008,missing
0x584a0EC8A7A3fcfEd27Db5C234A9062863883778,56,53008,missing
0x584a0EC8A7A3fcfEd27Db5C234A9062863883778,57,53020,missing
0x584a0EC8A7A3fcfEd27Db5C234A9062863883778,58,35908,missing
0x584a0EC8A7A3fcfEd27Db5C234A9062863883778,59,53008,missing
0x584a0EC8A7A3fcfEd27Db5C234A9062863883778,60,53020,missing
0x584a0EC8A7A3fcfEd27Db5C234A9062863883778,61,53008,missing
0x584a0EC8A7A3fcfEd27Db5C234A9062863883778,62,53008,missing
0x584a0EC8A7A3fcfEd27Db5C234A9062863883778,63,52996,missing
0x584a0EC8A7A3fcfEd27Db5C234A9062863883778,64,35920,missing
0x584a0EC8A7A3fcfEd27Db5C234A9062863883778,65,52984,missing
0x584a0EC8A7A3fcfEd27Db5C234A9062863883778,66,35908,missing
0x584a0EC8A7A3fcfEd27Db5C234A9062863883778,67,35920,missing
0x584a0EC8A7A3fcfEd27Db5C234A9062863883778,68,35920,missing
0x584a0EC8A7A3fcfEd27Db5C234A9062863883778,69,35908,missing
0x584a0EC8A7A3fcfEd27Db5C234A9062863883778,70,35884,missing
0x584a0EC8A7A3fcfEd27Db5C234A9062863883778,71,35920,missing
0x584a0EC8A7A3fcfEd27Db5C234A9062863883778,72,35896,missing
0x584a0EC8A7A3fcfEd27Db5C234A9062863883778,73,35908,missing
0x584a0EC8A7A3fcfEd27Db5C234A9062863883778,74,35908,missing
0x584a0EC8A7A3fcfEd27Db5C234A9062863883778,75,53008,missing
0x584a0EC8A7A3fcfEd27Db5C234A9062863883778,76,35908,missing
0x584a0EC8A7A3fcfEd27Db5C234A9062863883778,77,35908,missing
0x584a0EC8A7A3fcfEd27Db5C234A9062863883778,78,53008,missing
0x584a0EC8A7A3fcfEd27Db5C234A9062863883778,79,35908,missing
0x584a0EC8A7A3fcfEd27Db5C234A9062863883778,80,35908,missing
0x584a0EC8A7A3fcfEd27Db5C234A9062863883778,81,53008,missing
0x584a0EC8A7A3fcfEd27Db5C234A9062863883778,82,53008,missing
0x584a0EC8A7A3fcfEd27Db5C234A9062863883778,83,53008,missing
0x584a0EC8A7A3fcfEd27Db5C234A9062863883778,84,53020,missing
0x584a0EC8A7A3fcfEd27Db5C234A9062863883778,85,52996,missing
0x584a0EC8A7A3fcfEd27Db5C234A9062863883778,86,53020,missing
0x584a0EC8A7A3fcfEd27Db5C234A9062863883778,87,35908,missing
0x584a0EC8A7A3fcfEd27Db5C234A9062863883778,88,53008,missing
0x584a0EC8A7A3fcfEd27Db5C234A9062863883778,89,35908,missing
0x584a0EC8A7A3fcfEd27Db5C234A9062863883778,90,35896,missing
0x584a0EC8A7A3fcfEd27Db5C234A9062863883778,91,35920,missing
0x584a0EC8A7A3fcfEd27Db5C234A9062863883778,92,35884,missing
0x584a0EC8A7A3fcfEd27Db5C234A9062863883778,93,35908,missing
0x584a0EC8A7A3fcfEd27Db5C234A9062863883778,94,35920,missing
0x584a0EC8A7A3fcfEd27Db5C234A9062863883778,95,35908,missing
0x584a0EC8A7A3fcfEd27Db5C234A9062863883778,96,35896,missing
0x584a0EC8A7A3fcfEd27Db5C234A9062863883778,count,96,0,-96
0x07f7ecb66d788ab01dc93b9b71a88401de7d0f2e,1,46852,missing
0x07f7ecb66d788ab01dc93b9b71a88401de7d0f2e,2,45562,missing
0x07f7ecb66d788ab01dc93b9b71a88401de7d0f2e,3,21040,missing
0x07f7ecb66d788ab01dc93b9b71a88401de7d0f2e,4,71465,missing
0x07f7ecb66d788ab01dc93b9b71a88401de7d0f2e,5,36229,missing
0x07f7ecb66d788ab01dc93b9b71a88401de7d0f2e,6,21040,missing
0x07f7ecb66d788ab01dc93b9b71a88401de7d0f2e,7,71465,missing
0x07f7ecb66d788ab01dc93b9b71a88401de7d0f2e,8,64514,missing
0x07f7ecb66d788ab01dc93b9b71a88401de7d0f2e,9,71465,missing
0x07f7ecb66d788ab01dc93b9b71a88401de7d0f2e,10,47414,missing
0x07f7ecb66d788ab01dc93b9b71a88401de7d0f2e,11,71465,missing
0x07f7ecb66d788ab01dc93b9b71a88401de7d0f2e,12,47414,missing
0x07f7ecb66d788ab01dc93b9b71a88401de7d0f2e,13,71465,missing
0x07f7ecb66d788ab01dc93b9b71a88401de7d0f2e,14,36229,missing
0x07f7ecb66d788ab01dc93b9b71a88401de7d0f2e,15,21040,missing
0x07f7ecb66d788ab01dc93b9b71a88401de7d0f2e,16,21040,missing
0x07f7ecb66d788ab01dc93b9b71a88401de7d0f2e,17,71465,missing
0x07f7ecb66d788ab01dc93b9b71a88401de7d0f2e,18,47414,missing
0x07f7ecb66d788ab01dc93b9b71a88401de7d0f2e,19,71465,missing
0x07f7ecb66d788ab01dc93b9b71a88401de7d0f2e,20,47414,missing
0x07f7ecb66d788ab01dc93b9b71a88401de7d0f2e,21,71465,missing
0x07f7ecb66d788ab01dc93b9b71a88401de7d0f2e,22,47414,missing
0x07f7ecb66d788ab01dc93b9b71a88401de7d0f2e,23,71465,missing
0x07f7ecb66d788ab01dc93b9b71a88401de7d0f2e,24,36229,missing
0x07f7ecb66d788ab01dc93b9b71a88401de7d0f2e,25,71465,missing
0x07f7ecb66d788ab01dc93b9b71a88401de7d0f2e,26,47414,missing
0x07f7ecb66d788ab01dc93b9b71a88401de7d0f2e,27,71465,missing
0x07f7ecb66d788ab01dc93b9b71a88401de7d0f2e,28,47414,missing
0x07f7ecb66d788ab01dc93b9b71a88401de7d0f2e,29,71465,missing
0x07f7ecb66d788ab01dc93b9b71a88401de7d0f2e,30,47414,missing
0x07f7ecb66d788ab01dc93b9b71a88401de7d0f2e,31,71465,missing
0x07f7ecb66d788ab01dc93b9b71a88401de7d0f2e,32,47414,missing
0x07f7ecb66d788ab01dc93b9b71a88401de7d0f2e,33,71465,missing
0x07f7ecb66d788ab01dc93b9b71a88401de7d0f2e,34,47414,missing
0x07f7ecb66d788ab01dc93b9b71a88401de7d0f2e,35,71465,missing
0x07f7ecb66d788ab01dc93b9b71a88401de7d0f2e,36,47414,missing
0x07f7ecb66d788ab01dc93b9b71a88401de7d0f2e,37,71465,missing
0x07f7ecb66d788ab01dc93b9b71a88401de7d0f2e,38,47414,missing
0x07f7ecb66d788ab01dc93b9b71a88401de7d0f2e,40,71465,missing
0x07f7ecb66d788ab01dc93b9b71a88401de7d0f2e,41,36229,missing
0x07f7ecb66d788ab01dc93b9b71a88401de7d0f2e,42,71465,missing
0x07f7ecb66d788ab01dc93b9b71a88401de7d0f2e,43,47414,missing
0x07f7ecb66d788ab01dc93b9b71a88401de7d0f2e,44,71465,missing
0x07f7ecb66d788ab01dc93b9b71a88401de7d0f2e,45,47414,missing
0x07f7ecb66d788ab01dc93b9b71a88401de7d0f2e,46,71465,missing
0x07f7ecb66d788ab01dc93b9b71a88401de7d0f2e,47,47414,missing
0x07f7ecb66d788ab01dc93b9b71a88401de7d0f2e,48,71465,missing
0x07f7ecb66d788ab01dc93b9b71a88401de7d0f2e,49,47414,missing
0x07f7ecb66d788ab01dc93b9b71a88401de7d0f2e,50,71465,missing
0x07f7ecb66d788ab01dc93b9b71a88401de7d0f2e,51,36229,missing
0x07f7ecb66d788ab01dc93b9b71a88401de7d0f2e,52,71465,missing
0x07f7ecb66d788ab01dc93b9b71a88401de7d0f2e,53,47414,missing
0x07f7ecb66d788ab01dc93b9b71a88401de7d0f2e,54,71465,missing
0x07f7ecb66d788ab01dc93b9b71a88401de7d0f2e,55,47414,missing
0x07f7ecb66d788ab01dc93b9b71a88401de7d0f2e,56,71465,missing
0x07f7ecb66d788ab01dc93b9b71a88401de7d0f2e,57,47414,missing
0x07f7ecb66d788ab01dc93b9b71a88401de7d0f2e,58,71465,missing
0x07f7ecb66d788ab01dc93b9b71a88401de7d0f2e,59,47414,missing
0x07f7ecb66d788ab01dc93b9b71a88401de7d0f2e,60,71465,missing
0x07f7ecb66d788ab01dc93b9b71a88401de7d0f2e,61,71465,missing
0x07f7ecb66d788ab01dc93b9b71a88401de7d0f2e,62,47414,missing
0x07f7ecb66d788ab01dc93b9b71a88401de7d0f2e,63,71465,missing
0x07f7ecb66d788ab01dc93b9b71a88401de7d0f2e,64,47414,missing
0x07f7ecb66d788ab01dc93b9b71a88401de7d0f2e,65,71465,missing
0x07f7ecb66d788ab01dc93b9b71a88401de7d0f2e,66,47414,missing
0x07f7ecb66d788ab01dc93b9b71a88401de7d0f2e,67,71465,missing
0x07f7ecb66d788ab01dc93b9b71a88401de7d0f2e,68,47414,missing
0x07f7ecb66d788ab01dc93b9b71a88401de7d0f2e,69,71465,missing
0x07f7ecb66d788ab01dc93b9b71a88401de7d0f2e,70,47414,missing
0x07f7ecb66d788ab01dc93b9b71a88401de7d0f2e,72,71465,missing
0x07f7ecb66d788ab01dc93b9b71a88401de7d0f2e,73,47414,missing
0x07f7ecb66d788ab01dc93b9b71a88401de7d0f2e,74,71465,missing
0x07f7ecb66d788ab01dc93b9b71a88401de7d0f2e,75,47414,missing
0x07f7ecb66d788ab01dc93b9b71a88401de7d0f2e,count,73,0,-73
0x0961375ed779fe16435d5d430da00a5bac527e46,count,0,0,0
0x63e634330A20150DbB61B15648bC73855d6CCF07,191,68948,missing
0x63e634330A20150DbB61B15648bC73855d6CCF07,233,27254,28281,1027
0x63e634330A20150DbB61B15648bC73855d6CCF07,236,54171,28293,-25878
0x63e634330A20150DbB61B15648bC73855d6CCF07,237,27184,28293,1109
0x63e634330A20150DbB61B15648bC73855d6CCF07,238,76312,missing
0x63e634330A20150DbB61B15648bC73855d6CCF07,239,59212,missing
0x63e634330A20150DbB61B15648bC73855d6CCF07,240,27033,missing
0x63e634330A20150DbB61B15648bC73855d6CCF07,241,27045,missing
0x63e634330A20150DbB61B15648bC73855d6CCF07,242,27033,missing
0x63e634330A20150DbB61B15648bC73855d6CCF07,243,27045,missing
0x63e634330A20150DbB61B15648bC73855d6CCF07,244,27172,28281,1109
0x63e634330A20150DbB61B15648bC73855d6CCF07,245,27184,28293,1109
0x63e634330A20150DbB61B15648bC73855d6CCF07,246,27033,missing
0x63e634330A20150DbB61B15648bC73855d6CCF07,247,27172,28281,1109
0x63e634330A20150DbB61B15648bC73855d6CCF07,265,27184,28293,1109
0x63e634330A20150DbB61B15648bC73855d6CCF07,266,27045,missing
0x63e634330A20150DbB61B15648bC73855d6CCF07,267,27045,missing
0x63e634330A20150DbB61B15648bC73855d6CCF07,268,27045,missing
0x63e634330A20150DbB61B15648bC73855d6CCF07,269,27172,28281,1109
0x63e634330A20150DbB61B15648bC73855d6CCF07,270,27184,28293,1109
0x63e634330A20150DbB61B15648bC73855d6CCF07,271,24384,28293,3909
0x63e634330A20150DbB61B15648bC73855d6CCF07,272,27033,missing
0x63e634330A20150DbB61B15648bC73855d6CCF07,273,27033,missing
0x63e634330A20150DbB61B15648bC73855d6CCF07,274,27172,28281,1109
0x63e634330A20150DbB61B15648bC73855d6CCF07,329,29241,28305,-936
0x63e634330A20150DbB61B15648bC73855d6CCF07,330,28889,28305,-584
0x63e634330A20150DbB61B15648bC73855d6CCF07,331,27266,28293,1027
0x63e634330A20150DbB61B15648bC73855d6CCF07,count,27,20,-7
0x63e634330A20150DbB61B15648bC73855d6CCF07,10,missing,40061
0x63e634330A20150DbB61B15648bC73855d6CCF07,76,missing,40061
0x63e634330A20150DbB61B15648bC73855d6CCF07,113,missing,40061
0x63e634330A20150DbB61B15648bC73855d6CCF07,116,missing,40061
0x63e634330A20150DbB61B15648bC73855d6CCF07,174,missing,40061
0x63e634330A20150DbB61B15648bC73855d6CCF07,218,missing,40061
0x4D391B4350cA1C690eBaf00d35bfcDd5721470F8,count,0,0,0
0x7b368c4e805c3870b6c49a3f1f49f69af8662cf3,2,25832,28377,2545
0x7b368c4e805c3870b6c49a3f1f49f69af8662cf3,count,1,2,1
0x7b368c4e805c3870b6c49a3f1f49f69af8662cf3,1,missing,40061
0x7541b76cb60f4c60af330c208b0623b7f54bf615,2,25832,28377,2545
0x7541b76cb60f4c60af330c208b0623b7f54bf615,count,1,2,1
0x7541b76cb60f4c60af330c208b0623b7f54bf615,1,missing,40061
0xEe045942b043B92cca0c454a553649EaA80873ea,3,40174,40061,-113
0xEe045942b043B92cca0c454a553649EaA80873ea,4,52737,35382,-17355
0xEe045942b043B92cca0c454a553649EaA80873ea,7,35637,35382,-255
0xEe045942b043B92cca0c454a553649EaA80873ea,8,52737,35382,-17355
0xEe045942b043B92cca0c454a553649EaA80873ea,9,52761,35406,-17355
0xEe045942b043B92cca0c454a553649EaA80873ea,10,35661,35406,-255
0xEe045942b043B92cca0c454a553649EaA80873ea,11,44281,24385,-19896
0xEe045942b043B92cca0c454a553649EaA80873ea,12,44569,24673,-19896
0xEe045942b043B92cca0c454a553649EaA80873ea,count,8,8,0
0x3e013fc32a54c4c5b6991ba539dcd0ec4355c859,1,21040,40061,19021
0x3e013fc32a54c4c5b6991ba539dcd0ec4355c859,2,30516,28153,-2363
0x3e013fc32a54c4c5b6991ba539dcd0ec4355c859,count,2,2,0
0xb11b2fed6c9354f7aa2f658d3b4d7b31d8a13b77,1,65645,40453,-25192
0xb11b2fed6c9354f7aa2f658d3b4d7b31d8a13b77,2,32814,28365,-4449
0xb11b2fed6c9354f7aa2f658d3b4d7b31d8a13b77,count,2,2,0
0x7Dc4f41294697a7903C4027f6Ac528C5d14cd7eB,1,54182,missing
0x7Dc4f41294697a7903C4027f6Ac528C5d14cd7eB,2,54206,missing
0x7Dc4f41294697a7903C4027f6Ac528C5d14cd7eB,3,54194,missing
0x7Dc4f41294697a7903C4027f6Ac528C5d14cd7eB,4,31458,missing
0x7Dc4f41294697a7903C4027f6Ac528C5d14cd7eB,5,54206,missing
0x7Dc4f41294697a7903C4027f6Ac528C5d14cd7eB,6,49406,missing
0x7Dc4f41294697a7903C4027f6Ac528C5d14cd7eB,7,54206,missing
0x7Dc4f41294697a7903C4027f6Ac528C5d14cd7eB,8,37070,missing
0x7Dc4f41294697a7903C4027f6Ac528C5d14cd7eB,9,37094,missing
0x7Dc4f41294697a7903C4027f6Ac528C5d14cd7eB,10,54194,missing
0x7Dc4f41294697a7903C4027f6Ac528C5d14cd7eB,11,54206,missing
0x7Dc4f41294697a7903C4027f6Ac528C5d14cd7eB,12,54206,missing
0x7Dc4f41294697a7903C4027f6Ac528C5d14cd7eB,13,37118,missing
0x7Dc4f41294697a7903C4027f6Ac528C5d14cd7eB,14,54206,missing
0x7Dc4f41294697a7903C4027f6Ac528C5d14cd7eB,15,54206,missing
0x7Dc4f41294697a7903C4027f6Ac528C5d14cd7eB,16,37106,missing
0x7Dc4f41294697a7903C4027f6Ac528C5d14cd7eB,17,54206,missing
0x7Dc4f41294697a7903C4027f6Ac528C5d14cd7eB,18,54206,missing
0x7Dc4f41294697a7903C4027f6Ac528C5d14cd7eB,19,54206,missing
0x7Dc4f41294697a7903C4027f6Ac528C5d14cd7eB,20,54206,missing
0x7Dc4f41294697a7903C4027f6Ac528C5d14cd7eB,21,54206,missing
0x7Dc4f41294697a7903C4027f6Ac528C5d14cd7eB,22,54194,missing
0x7Dc4f41294697a7903C4027f6Ac528C5d14cd7eB,23,54206,missing
0x7Dc4f41294697a7903C4027f6Ac528C5d14cd7eB,24,54206,missing
0x7Dc4f41294697a7903C4027f6Ac528C5d14cd7eB,25,54218,missing
0x7Dc4f41294697a7903C4027f6Ac528C5d14cd7eB,26,54206,missing
0x7Dc4f41294697a7903C4027f6Ac528C5d14cd7eB,27,54194,missing
0x7Dc4f41294697a7903C4027f6Ac528C5d14cd7eB,28,54206,missing
0x7Dc4f41294697a7903C4027f6Ac528C5d14cd7eB,29,54206,missing
0x7Dc4f41294697a7903C4027f6Ac528C5d14cd7eB,30,54206,missing
0x7Dc4f41294697a7903C4027f6Ac528C5d14cd7eB,31,37106,missing
0x7Dc4f41294697a7903C4027f6Ac528C5d14cd7eB,32,37106,missing
0x7Dc4f41294697a7903C4027f6Ac528C5d14cd7eB,33,37106,missing
0x7Dc4f41294697a7903C4027f6Ac528C5d14cd7eB,34,54218,missing
0x7Dc4f41294697a7903C4027f6Ac528C5d14cd7eB,35,54194,missing
0x7Dc4f41294697a7903C4027f6Ac528C5d14cd7eB,36,54218,missing
0x7Dc4f41294697a7903C4027f6Ac528C5d14cd7eB,37,54206,missing
0x7Dc4f41294697a7903C4027f6Ac528C5d14cd7eB,38,54218,missing
0x7Dc4f41294697a7903C4027f6Ac528C5d14cd7eB,39,54206,missing
0x7Dc4f41294697a7903C4027f6Ac528C5d14cd7eB,40,54218,missing
0x7Dc4f41294697a7903C4027f6Ac528C5d14cd7eB,41,54218,missing
0x7Dc4f41294697a7903C4027f6Ac528C5d14cd7eB,42,54206,missing
0x7Dc4f41294697a7903C4027f6Ac528C5d14cd7eB,43,54218,missing
0x7Dc4f41294697a7903C4027f6Ac528C5d14cd7eB,44,54206,missing
0x7Dc4f41294697a7903C4027f6Ac528C5d14cd7eB,45,54206,missing
0x7Dc4f41294697a7903C4027f6Ac528C5d14cd7eB,46,54206,missing
0x7Dc4f41294697a7903C4027f6Ac528C5d14cd7eB,47,54206,missing
0x7Dc4f41294697a7903C4027f6Ac528C5d14cd7eB,48,54218,missing
0x7Dc4f41294697a7903C4027f6Ac528C5d14cd7eB,49,37106,missing
0x7Dc4f41294697a7903C4027f6Ac528C5d14cd7eB,50,37094,missing
0x7Dc4f41294697a7903C4027f6Ac528C5d14cd7eB,51,37118,missing
0x7Dc4f41294697a7903C4027f6Ac528C5d14cd7eB,52,54206,missing
0x7Dc4f41294697a7903C4027f6Ac528C5d14cd7eB,53,37094,missing
0x7Dc4f41294697a7903C4027f6Ac528C5d14cd7eB,54,37106,missing
0x7Dc4f41294697a7903C4027f6Ac528C5d14cd7eB,55,54218,missing
0x7Dc4f41294697a7903C4027f6Ac528C5d14cd7eB,56,54182,missing
0x7Dc4f41294697a7903C4027f6Ac528C5d14cd7eB,57,37106,missing
0x7Dc4f41294697a7903C4027f6Ac528C5d14cd7eB,58,37106,missing
0x7Dc4f41294697a7903C4027f6Ac528C5d14cd7eB,59,54206,missing
0x7Dc4f41294697a7903C4027f6Ac528C5d14cd7eB,60,37118,missing
0x7Dc4f41294697a7903C4027f6Ac528C5d14cd7eB,61,54206,missing
0x7Dc4f41294697a7903C4027f6Ac528C5d14cd7eB,62,37118,missing
0x7Dc4f41294697a7903C4027f6Ac528C5d14cd7eB,63,37106,missing
0x7Dc4f41294697a7903C4027f6Ac528C5d14cd7eB,64,37106,missing
0x7Dc4f41294697a7903C4027f6Ac528C5d14cd7eB,65,54218,missing
0x7Dc4f41294697a7903C4027f6Ac528C5d14cd7eB,66,54194,missing
0x7Dc4f41294697a7903C4027f6Ac528C5d14cd7eB,67,54218,missing
0x7Dc4f41294697a7903C4027f6Ac528C5d14cd7eB,68,37106,missing
0x7Dc4f41294697a7903C4027f6Ac528C5d14cd7eB,69,37118,missing
0x7Dc4f41294697a7903C4027f6Ac528C5d14cd7eB,70,54206,missing
0x7Dc4f41294697a7903C4027f6Ac528C5d14cd7eB,71,54206,missing
0x7Dc4f41294697a7903C4027f6Ac528C5d14cd7eB,72,54206,missing
0x7Dc4f41294697a7903C4027f6Ac528C5d14cd7eB,73,54206,missing
0x7Dc4f41294697a7903C4027f6Ac528C5d14cd7eB,74,37106,missing
0x7Dc4f41294697a7903C4027f6Ac528C5d14cd7eB,75,54206,missing
0x7Dc4f41294697a7903C4027f6Ac528C5d14cd7eB,76,54218,missing
0x7Dc4f41294697a7903C4027f6Ac528C5d14cd7eB,77,54218,missing
0x7Dc4f41294697a7903C4027f6Ac528C5d14cd7eB,78,54194,missing
0x7Dc4f41294697a7903C4027f6Ac528C5d14cd7eB,79,37106,missing
0x7Dc4f41294697a7903C4027f6Ac528C5d14cd7eB,80,37106,missing
0x7Dc4f41294697a7903C4027f6Ac528C5d14cd7eB,81,37106,missing
0x7Dc4f41294697a7903C4027f6Ac528C5d14cd7eB,82,37106,missing
0x7Dc4f41294697a7903C4027f6Ac528C5d14cd7eB,83,54218,missing
0x7Dc4f41294697a7903C4027f6Ac528C5d14cd7eB,84,37106,missing
0x7Dc4f41294697a7903C4027f6Ac528C5d14cd7eB,85,37106,missing
0x7Dc4f41294697a7903C4027f6Ac528C5d14cd7eB,86,54206,missing
0x7Dc4f41294697a7903C4027f6Ac528C5d14cd7eB,87,54218,missing
0x7Dc4f41294697a7903C4027f6Ac528C5d14cd7eB,88,54218,missing
0x7Dc4f41294697a7903C4027f6Ac528C5d14cd7eB,89,37106,missing
0x7Dc4f41294697a7903C4027f6Ac528C5d14cd7eB,90,37094,missing
0x7Dc4f41294697a7903C4027f6Ac528C5d14cd7eB,91,37118,missing
0x7Dc4f41294697a7903C4027f6Ac528C5d14cd7eB,92,37106,missing
0x7Dc4f41294697a7903C4027f6Ac528C5d14cd7eB,93,37106,missing
0x7Dc4f41294697a7903C4027f6Ac528C5d14cd7eB,94,37106,missing
0x7Dc4f41294697a7903C4027f6Ac528C5d14cd7eB,95,54206,missing
0x7Dc4f41294697a7903C4027f6Ac528C5d14cd7eB,96,37094,missing
0x7Dc4f41294697a7903C4027f6Ac528C5d14cd7eB,97,37094,missing
0x7Dc4f41294697a7903C4027f6Ac528C5d14cd7eB,98,37094,missing
0x7Dc4f41294697a7903C4027f6Ac528C5d14cd7eB,99,37106,missing
0x7Dc4f41294697a7903C4027f6Ac528C5d14cd7eB,100,37106,missing
0x7Dc4f41294697a7903C4027f6Ac528C5d14cd7eB,101,37106,missing
0x7Dc4f41294697a7903C4027f6Ac528C5d14cd7eB,102,54218,missing
0x7Dc4f41294697a7903C4027f6Ac528C5d14cd7eB,103,37106,missing
0x7Dc4f41294697a7903C4027f6Ac528C5d14cd7eB,104,37106,missing
0x7Dc4f41294697a7903C4027f6Ac528C5d14cd7eB,105,37106,missing
0x7Dc4f41294697a7903C4027f6Ac528C5d14cd7eB,106,37106,missing
0x7Dc4f41294697a7903C4027f6Ac528C5d14cd7eB,107,37106,missing
0x7Dc4f41294697a7903C4027f6Ac528C5d14cd7eB,108,37106,missing
0x7Dc4f41294697a7903C4027f6Ac528C5d14cd7eB,109,37106,missing
0x7Dc4f41294697a7903C4027f6Ac528C5d14cd7eB,110,37106,missing
0x7Dc4f41294697a7903C4027f6Ac528C5d14cd7eB,111,37082,missing
0x7Dc4f41294697a7903C4027f6Ac528C5d14cd7eB,112,37082,missing
0x7Dc4f41294697a7903C4027f6Ac528C5d14cd7eB,113,54218,missing
0x7Dc4f41294697a7903C4027f6Ac528C5d14cd7eB,114,37082,missing
0x7Dc4f41294697a7903C4027f6Ac528C5d14cd7eB,115,54206,missing
0x7Dc4f41294697a7903C4027f6Ac528C5d14cd7eB,116,37082,missing
0x7Dc4f41294697a7903C4027f6Ac528C5d14cd7eB,117,37082,missing
0x7Dc4f41294697a7903C4027f6Ac528C5d14cd7eB,118,37082,missing
0x7Dc4f41294697a7903C4027f6Ac528C5d14cd7eB,119,37082,missing
0x7Dc4f41294697a7903C4027f6Ac528C5d14cd7eB,120,37118,missing
0x7Dc4f41294697a7903C4027f6Ac528C5d14cd7eB,121,37082,missing
0x7Dc4f41294697a7903C4027f6Ac528C5d14cd7eB,122,37118,missing
0x7Dc4f41294697a7903C4027f6Ac528C5d14cd7eB,123,37094,missing
0x7Dc4f41294697a7903C4027f6Ac528C5d14cd7eB,124,54218,missing
0x7Dc4f41294697a7903C4027f6Ac528C5d14cd7eB,125,37106,missing
0x7Dc4f41294697a7903C4027f6Ac528C5d14cd7eB,126,37106,missing
0x7Dc4f41294697a7903C4027f6Ac528C5d14cd7eB,127,37106,missing
0x7Dc4f41294697a7903C4027f6Ac528C5d14cd7eB,128,37106,missing
0x7Dc4f41294697a7903C4027f6Ac528C5d14cd7eB,129,37106,missing
0x7Dc4f41294697a7903C4027f6Ac528C5d14cd7eB,130,37118,missing
0x7Dc4f41294697a7903C4027f6Ac528C5d14cd7eB,131,37106,missing
0x7Dc4f41294697a7903C4027f6Ac528C5d14cd7eB,132,37106,missing
0x7Dc4f41294697a7903C4027f6Ac528C5d14cd7eB,133,54206,missing
0x7Dc4f41294697a7903C4027f6Ac528C5d14cd7eB,134,37118,missing
0x7Dc4f41294697a7903C4027f6Ac528C5d14cd7eB,135,54218,missing
0x7Dc4f41294697a7903C4027f6Ac528C5d14cd7eB,136,54206,missing
0x7Dc4f41294697a7903C4027f6Ac528C5d14cd7eB,137,54218,missing
0x7Dc4f41294697a7903C4027f6Ac528C5d14cd7eB,138,54218,missing
0x7Dc4f41294697a7903C4027f6Ac528C5d14cd7eB,139,37106,missing
0x7Dc4f41294697a7903C4027f6Ac528C5d14cd7eB,140,37106,missing
0x7Dc4f41294697a7903C4027f6Ac528C5d14cd7eB,141,37106,missing
0x7Dc4f41294697a7903C4027f6Ac528C5d14cd7eB,142,37106,missing
0x7Dc4f41294697a7903C4027f6Ac528C5d14cd7eB,143,37106,missing
0x7Dc4f41294697a7903C4027f6Ac528C5d14cd7eB,144,37106,missing
0x7Dc4f41294697a7903C4027f6Ac528C5d14cd7eB,145,37106,missing
0x7Dc4f41294697a7903C4027f6Ac528C5d14cd7eB,146,37106,missing
0x7Dc4f41294697a7903C4027f6Ac528C5d14cd7eB,147,54206,missing
0x7Dc4f41294697a7903C4027f6Ac528C5d14cd7eB,148,37106,missing
0x7Dc4f41294697a7903C4027f6Ac528C5d14cd7eB,149,37118,missing
0x7Dc4f41294697a7903C4027f6Ac528C5d14cd7eB,150,37106,missing
0x7Dc4f41294697a7903C4027f6Ac528C5d14cd7eB,151,37094,missing
0x7Dc4f41294697a7903C4027f6Ac528C5d14cd7eB,152,37094,missing
0x7Dc4f41294697a7903C4027f6Ac528C5d14cd7eB,153,37106,missing
0x7Dc4f41294697a7903C4027f6Ac528C5d14cd7eB,154,37106,missing
0x7Dc4f41294697a7903C4027f6Ac528C5d14cd7eB,155,37118,missing
0x7Dc4f41294697a7903C4027f6Ac528C5d14cd7eB,156,37106,missing
0x7Dc4f41294697a7903C4027f6Ac528C5d14cd7eB,157,37106,missing
0x7Dc4f41294697a7903C4027f6Ac528C5d14cd7eB,158,37106,missing
0x7Dc4f41294697a7903C4027f6Ac528C5d14cd7eB,159,37106,missing
0x7Dc4f41294697a7903C4027f6Ac528C5d14cd7eB,160,37106,missing
0x7Dc4f41294697a7903C4027f6Ac528C5d14cd7eB,161,37118,missing
0x7Dc4f41294697a7903C4027f6Ac528C5d14cd7eB,162,37118,missing
0x7Dc4f41294697a7903C4027f6Ac528C5d14cd7eB,163,37106,missing
0x7Dc4f41294697a7903C4027f6Ac528C5d14cd7eB,164,37118,missing
0x7Dc4f41294697a7903C4027f6Ac528C5d14cd7eB,165,54218,missing
0x7Dc4f41294697a7903C4027f6Ac528C5d14cd7eB,166,37118,missing
0x7Dc4f41294697a7903C4027f6Ac528C5d14cd7eB,167,54206,missing
0x7Dc4f41294697a7903C4027f6Ac528C5d14cd7eB,168,54206,missing
0x7Dc4f41294697a7903C4027f6Ac528C5d14cd7eB,169,37106,missing
0x7Dc4f41294697a7903C4027f6Ac528C5d14cd7eB,170,37118,missing
0x7Dc4f41294697a7903C4027f6Ac528C5d14cd7eB,171,37118,missing
0x7Dc4f41294697a7903C4027f6Ac528C5d14cd7eB,172,37118,missing
0x7Dc4f41294697a7903C4027f6Ac528C5d14cd7eB,173,37118,missing
0x7Dc4f41294697a7903C4027f6Ac528C5d14cd7eB,174,37106,missing
0x7Dc4f41294697a7903C4027f6Ac528C5d14cd7eB,175,37106,missing
0x7Dc4f41294697a7903C4027f6Ac528C5d14cd7eB,176,37106,missing
0x7Dc4f41294697a7903C4027f6Ac528C5d14cd7eB,177,37118,missing
0x7Dc4f41294697a7903C4027f6Ac528C5d14cd7eB,178,54206,missing
0x7Dc4f41294697a7903C4027f6Ac528C5d14cd7eB,179,37106,missing
0x7Dc4f41294697a7903C4027f6Ac528C5d14cd7eB,180,37106,missing
0x7Dc4f41294697a7903C4027f6Ac528C5d14cd7eB,181,26619,missing
0x7Dc4f41294697a7903C4027f6Ac528C5d14cd7eB,182,26619,missing
0x7Dc4f41294697a7903C4027f6Ac528C5d14cd7eB,183,26619,missing
0x7Dc4f41294697a7903C4027f6Ac528C5d14cd7eB,184,26619,missing
0x7Dc4f41294697a7903C4027f6Ac528C5d14cd7eB,185,54206,missing
0x7Dc4f41294697a7903C4027f6Ac528C5d14cd7eB,186,54218,missing
0x7Dc4f41294697a7903C4027f6Ac528C5d14cd7eB,187,32318,missing
0x7Dc4f41294697a7903C4027f6Ac528C5d14cd7eB,188,26643,missing
0x7Dc4f41294697a7903C4027f6Ac528C5d14cd7eB,189,26643,missing
0x7Dc4f41294697a7903C4027f6Ac528C5d14cd7eB,190,31458,missing
0x7Dc4f41294697a7903C4027f6Ac528C5d14cd7eB,191,31458,missing
0x7Dc4f41294697a7903C4027f6Ac528C5d14cd7eB,192,31446,missing
0x7Dc4f41294697a7903C4027f6Ac528C5d14cd7eB,193,31458,missing
0x7Dc4f41294697a7903C4027f6Ac528C5d14cd7eB,194,31458,missing
0x7Dc4f41294697a7903C4027f6Ac528C5d14cd7eB,195,31458,missing
0x7Dc4f41294697a7903C4027f6Ac528C5d14cd7eB,196,31458,missing
0x7Dc4f41294697a7903C4027f6Ac528C5d14cd7eB,197,31458,missing
0x7Dc4f41294697a7903C4027f6Ac528C5d14cd7eB,198,31458,missing
0x7Dc4f41294697a7903C4027f6Ac528C5d14cd7eB,199,31458,missing
0x7Dc4f41294697a7903C4027f6Ac528C5d14cd7eB,200,31458,missing
0x7Dc4f41294697a7903C4027f6Ac528C5d14cd7eB,201,31458,missing
0x7Dc4f41294697a7903C4027f6Ac528C5d14cd7eB,202,31458,missing
0x7Dc4f41294697a7903C4027f6Ac528C5d14cd7eB,203,31458,missing
0x7Dc4f41294697a7903C4027f6Ac528C5d14cd7eB,204,31458,missing
0x7Dc4f41294697a7903C4027f6Ac528C5d14cd7eB,205,31458,missing
0x7Dc4f41294697a7903C4027f6Ac528C5d14cd7eB,206,31458,missing
0x7Dc4f41294697a7903C4027f6Ac528C5d14cd7eB,207,31458,missing
0x7Dc4f41294697a7903C4027f6Ac528C5d14cd7eB,208,31458,missing
0x7Dc4f41294697a7903C4027f6Ac528C5d14cd7eB,209,31458,missing
0x7Dc4f41294697a7903C4027f6Ac528C5d14cd7eB,210,31458,missing
0x7Dc4f41294697a7903C4027f6Ac528C5d14cd7eB,211,31458,missing
0x7Dc4f41294697a7903C4027f6Ac528C5d14cd7eB,212,31458,missing
0x7Dc4f41294697a7903C4027f6Ac528C5d14cd7eB,213,31458,missing
0x7Dc4f41294697a7903C4027f6Ac528C5d14cd7eB,214,31458,missing
0x7Dc4f41294697a7903C4027f6Ac528C5d14cd7eB,215,31458,missing
0x7Dc4f41294697a7903C4027f6Ac528C5d14cd7eB,216,31458,missing
0x7Dc4f41294697a7903C4027f6Ac528C5d14cd7eB,217,31458,missing
0x7Dc4f41294697a7903C4027f6Ac528C5d14cd7eB,218,31446,missing
0x7Dc4f41294697a7903C4027f6Ac528C5d14cd7eB,219,31458,missing
0x7Dc4f41294697a7903C4027f6Ac528C5d14cd7eB,220,31458,missing
0x7Dc4f41294697a7903C4027f6Ac528C5d14cd7eB,221,31458,missing
0x7Dc4f41294697a7903C4027f6Ac528C5d14cd7eB,222,31458,missing
0x7Dc4f41294697a7903C4027f6Ac528C5d14cd7eB,223,31458,missing
0x7Dc4f41294697a7903C4027f6Ac528C5d14cd7eB,224,31458,missing
0x7Dc4f41294697a7903C4027f6Ac528C5d14cd7eB,225,31446,missing
0x7Dc4f41294697a7903C4027f6Ac528C5d14cd7eB,226,31458,missing
0x7Dc4f41294697a7903C4027f6Ac528C5d14cd7eB,227,31458,missing
0x7Dc4f41294697a7903C4027f6Ac528C5d14cd7eB,228,31458,missing
0x7Dc4f41294697a7903C4027f6Ac528C5d14cd7eB,229,31458,missing
0x7Dc4f41294697a7903C4027f6Ac528C5d14cd7eB,230,31458,missing
0x7Dc4f41294697a7903C4027f6Ac528C5d14cd7eB,231,31458,missing
0x7Dc4f41294697a7903C4027f6Ac528C5d14cd7eB,232,31458,missing
0x7Dc4f41294697a7903C4027f6Ac528C5d14cd7eB,233,31458,missing
0x7Dc4f41294697a7903C4027f6Ac528C5d14cd7eB,234,31458,missing
0x7Dc4f41294697a7903C4027f6Ac528C5d14cd7eB,235,31458,missing
0x7Dc4f41294697a7903C4027f6Ac528C5d14cd7eB,236,31458,missing
0x7Dc4f41294697a7903C4027f6Ac528C5d14cd7eB,237,31458,missing
0x7Dc4f41294697a7903C4027f6Ac528C5d14cd7eB,238,31434,missing
0x7Dc4f41294697a7903C4027f6Ac528C5d14cd7eB,239,31458,missing
0x7Dc4f41294697a7903C4027f6Ac528C5d14cd7eB,240,31458,missing
0x7Dc4f41294697a7903C4027f6Ac528C5d14cd7eB,241,31458,missing
0x7Dc4f41294697a7903C4027f6Ac528C5d14cd7eB,242,31458,missing
0x7Dc4f41294697a7903C4027f6Ac528C5d14cd7eB,243,31446,missing
0x7Dc4f41294697a7903C4027f6Ac528C5d14cd7eB,244,31458,missing
0x7Dc4f41294697a7903C4027f6Ac528C5d14cd7eB,245,31458,missing
0x7Dc4f41294697a7903C4027f6Ac528C5d14cd7eB,246,31458,missing
0x7Dc4f41294697a7903C4027f6Ac528C5d14cd7eB,247,31458,missing
0x7Dc4f41294697a7903C4027f6Ac528C5d14cd7eB,248,31458,missing
0x7Dc4f41294697a7903C4027f6Ac528C5d14cd7eB,249,31458,missing
0x7Dc4f41294697a7903C4027f6Ac528C5d14cd7eB,250,31458,missing
0x7Dc4f41294697a7903C4027f6Ac528C5d14cd7eB,251,31458,missing
0x7Dc4f41294697a7903C4027f6Ac528C5d14cd7eB,252,54182,missing
0x7Dc4f41294697a7903C4027f6Ac528C5d14cd7eB,253,37082,missing
0x7Dc4f41294697a7903C4027f6Ac528C5d14cd7eB,254,37082,missing
0x7Dc4f41294697a7903C4027f6Ac528C5d14cd7eB,255,37082,missing
0x7Dc4f41294697a7903C4027f6Ac528C5d14cd7eB,256,37082,missing
0x7Dc4f41294697a7903C4027f6Ac528C5d14cd7eB,257,37082,missing
0x7Dc4f41294697a7903C4027f6Ac528C5d14cd7eB,258,37082,missing
0x7Dc4f41294697a7903C4027f6Ac528C5d14cd7eB,259,37070,missing
0x7Dc4f41294697a7903C4027f6Ac528C5d14cd7eB,260,37082,missing
0x7Dc4f41294697a7903C4027f6Ac528C5d14cd7eB,261,37082,missing
0x7Dc4f41294697a7903C4027f6Ac528C5d14cd7eB,262,37082,missing
0x7Dc4f41294697a7903C4027f6Ac528C5d14cd7eB,263,37070,missing
0x7Dc4f41294697a7903C4027f6Ac528C5d14cd7eB,264,37070,missing
0x7Dc4f41294697a7903C4027f6Ac528C5d14cd7eB,265,37082,missing
0x7Dc4f41294697a7903C4027f6Ac528C5d14cd7eB,266,37070,missing
0x7Dc4f41294697a7903C4027f6Ac528C5d14cd7eB,267,37070,missing
0x7Dc4f41294697a7903C4027f6Ac528C5d14cd7eB,268,37082,missing
0x7Dc4f41294697a7903C4027f6Ac528C5d14cd7eB,269,37082,missing
0x7Dc4f41294697a7903C4027f6Ac528C5d14cd7eB,270,37082,missing
0x7Dc4f41294697a7903C4027f6Ac528C5d14cd7eB,271,37082,missing
0x7Dc4f41294697a7903C4027f6Ac528C5d14cd7eB,272,37070,missing
0x7Dc4f41294697a7903C4027f6Ac528C5d14cd7eB,273,37070,missing
0x7Dc4f41294697a7903C4027f6Ac528C5d14cd7eB,274,37082,missing
0x7Dc4f41294697a7903C4027f6Ac528C5d14cd7eB,275,37070,missing
0x7Dc4f41294697a7903C4027f6Ac528C5d14cd7eB,276,37082,missing
0x7Dc4f41294697a7903C4027f6Ac528C5d14cd7eB,277,37070,missing
0x7Dc4f41294697a7903C4027f6Ac528C5d14cd7eB,278,37070,missing
0x7Dc4f41294697a7903C4027f6Ac528C5d14cd7eB,279,37082,missing
0x7Dc4f41294697a7903C4027f6Ac528C5d14cd7eB,280,37070,missing
0x7Dc4f41294697a7903C4027f6Ac528C5d14cd7eB,281,37070,missing
0x7Dc4f41294697a7903C4027f6Ac528C5d14cd7eB,282,37070,missing
0x7Dc4f41294697a7903C4027f6Ac528C5d14cd7eB,283,37070,missing
0x7Dc4f41294697a7903C4027f6Ac528C5d14cd7eB,284,37070,missing
0x7Dc4f41294697a7903C4027f6Ac528C5d14cd7eB,285,37070,missing
0x7Dc4f41294697a7903C4027f6Ac528C5d14cd7eB,286,37082,missing
0x7Dc4f41294697a7903C4027f6Ac528C5d14cd7eB,287,37082,missing
0x7Dc4f41294697a7903C4027f6Ac528C5d14cd7eB,288,37070,missing
0x7Dc4f41294697a7903C4027f6Ac528C5d14cd7eB,289,37070,missing
0x7Dc4f41294697a7903C4027f6Ac528C5d14cd7eB,290,37070,missing
0x7Dc4f41294697a7903C4027f6Ac528C5d14cd7eB,291,37082,missing
0x7Dc4f41294697a7903C4027f6Ac528C5d14cd7eB,292,37070,missing
0x7Dc4f41294697a7903C4027f6Ac528C5d14cd7eB,293,37082,missing
0x7Dc4f41294697a7903C4027f6Ac528C5d14cd7eB,294,37082,missing
0x7Dc4f41294697a7903C4027f6Ac528C5d14cd7eB,295,37070,missing
0x7Dc4f41294697a7903C4027f6Ac528C5d14cd7eB,296,37082,missing
0x7Dc4f41294697a7903C4027f6Ac528C5d14cd7eB,297,37082,missing
0x7Dc4f41294697a7903C4027f6Ac528C5d14cd7eB,298,37082,missing
0x7Dc4f41294697a7903C4027f6Ac528C5d14cd7eB,299,37070,missing
0x7Dc4f41294697a7903C4027f6Ac528C5d14cd7eB,300,37070,missing
0x7Dc4f41294697a7903C4027f6Ac528C5d14cd7eB,301,37082,missing
0x7Dc4f41294697a7903C4027f6Ac528C5d14cd7eB,302,37082,missing
0x7Dc4f41294697a7903C4027f6Ac528C5d14cd7eB,303,37082,missing
0x7Dc4f41294697a7903C4027f6Ac528C5d14cd7eB,304,37082,missing
0x7Dc4f41294697a7903C4027f6Ac528C5d14cd7eB,305,37082,missing
0x7Dc4f41294697a7903C4027f6Ac528C5d14cd7eB,306,37082,missing
0x7Dc4f41294697a7903C4027f6Ac528C5d14cd7eB,307,37070,missing
0x7Dc4f41294697a7903C4027f6Ac528C5d14cd7eB,count,307,0,-307
0x7d09edb07d23acb532a82be3da5c17d9d85806b4,1,46852,28293,-18559
0x7d09edb07d23acb532a82be3da5c17d9d85806b4,2,21040,40061,19021
0x7d09edb07d23acb532a82be3da5c17d9d85806b4,3,45562,28153,-17409
0x7d09edb07d23acb532a82be3da5c17d9d85806b4,4,71347,40453,-30894
0x7d09edb07d23acb532a82be3da5c17d9d85806b4,5,64514,28153,-36361
0x7d09edb07d23acb532a82be3da5c17d9d85806b4,6,71347,40453,-30894
0x7d09edb07d23acb532a82be3da5c17d9d85806b4,7,47414,28153,-19261
0x7d09edb07d23acb532a82be3da5c17d9d85806b4,8,71347,40453,-30894
0x7d09edb07d23acb532a82be3da5c17d9d85806b4,9,71347,40453,-30894
0x7d09edb07d23acb532a82be3da5c17d9d85806b4,10,47414,28153,-19261
0x7d09edb07d23acb532a82be3da5c17d9d85806b4,11,47414,28153,-19261
0x7d09edb07d23acb532a82be3da5c17d9d85806b4,12,42046,40453,-1593
0x7d09edb07d23acb532a82be3da5c17d9d85806b4,13,71347,40453,-30894
0x7d09edb07d23acb532a82be3da5c17d9d85806b4,14,47414,28153,-19261
0x7d09edb07d23acb532a82be3da5c17d9d85806b4,15,71347,40453,-30894
0x7d09edb07d23acb532a82be3da5c17d9d85806b4,16,47414,28153,-19261
0x7d09edb07d23acb532a82be3da5c17d9d85806b4,17,71347,40453,-30894
0x7d09edb07d23acb532a82be3da5c17d9d85806b4,18,47414,28153,-19261
0x7d09edb07d23acb532a82be3da5c17d9d85806b4,19,71347,40453,-30894
0x7d09edb07d23acb532a82be3da5c17d9d85806b4,20,47414,28153,-19261
0x7d09edb07d23acb532a82be3da5c17d9d85806b4,21,71347,40453,-30894
0x7d09edb07d23acb532a82be3da5c17d9d85806b4,22,47414,28153,-19261
0x7d09edb07d23acb532a82be3da5c17d9d85806b4,23,29752,28293,-1459
0x7d09edb07d23acb532a82be3da5c17d9d85806b4,24,71347,40453,-30894
0x7d09edb07d23acb532a82be3da5c17d9d85806b4,25,36229,28153,-8076
0x7d09edb07d23acb532a82be3da5c17d9d85806b4,26,71347,40453,-30894
0x7d09edb07d23acb532a82be3da5c17d9d85806b4,27,47414,28153,-19261
0x7d09edb07d23acb532a82be3da5c17d9d85806b4,28,71347,40453,-30894
0x7d09edb07d23acb532a82be3da5c17d9d85806b4,29,36229,28153,-8076
0x7d09edb07d23acb532a82be3da5c17d9d85806b4,30,71347,40453,-30894
0x7d09edb07d23acb532a82be3da5c17d9d85806b4,31,47414,28153,-19261
0x7d09edb07d23acb532a82be3da5c17d9d85806b4,32,71347,40453,-30894
0x7d09edb07d23acb532a82be3da5c17d9d85806b4,33,47414,28153,-19261
0x7d09edb07d23acb532a82be3da5c17d9d85806b4,34,71347,40453,-30894
0x7d09edb07d23acb532a82be3da5c17d9d85806b4,35,36229,28153,-8076
0x7d09edb07d23acb532a82be3da5c17d9d85806b4,36,71347,40453,-30894
0x7d09edb07d23acb532a82be3da5c17d9d85806b4,37,36229,28153,-8076
0x7d09edb07d23acb532a82be3da5c17d9d85806b4,38,71347,40453,-30894
0x7d09edb07d23acb532a82be3da5c17d9d85806b4,39,47414,28153,-19261
0x7d09edb07d23acb532a82be3da5c17d9d85806b4,count,39,39,0
0x2972d548497286d18e92b5fa1f8f9139e5653fd2,1,29763,31541,1778
0x2972d548497286d18e92b5fa1f8f9139e5653fd2,count,1,1,0
0xbebbfe5b549f5db6e6c78ca97cac19d1fb03082c,1,65645,40453,-25192
0xbebbfe5b549f5db6e6c78ca97cac19d1fb03082c,2,32814,28365,-4449
0xbebbfe5b549f5db6e6c78ca97cac19d1fb03082c,count,2,2,0
0xc8986ecd41fb420268f1f4285931379357c4142b,1,46166,missing
0xc8986ecd41fb420268f1f4285931379357c4142b,4,29066,missing
0xc8986ecd41fb420268f1f4285931379357c4142b,5,29066,missing
0xc8986ecd41fb420268f1f4285931379357c4142b,6,29220,missing
0xc8986ecd41fb420268f1f4285931379357c4142b,count,4,0,-4
0x9653cFd0865ad8313BEA2f0C2EC0584BFd05115B,1,54206,missing
0x9653cFd0865ad8313BEA2f0C2EC0584BFd05115B,2,37094,missing
0x9653cFd0865ad8313BEA2f0C2EC0584BFd05115B,3,54194,missing
0x9653cFd0865ad8313BEA2f0C2EC0584BFd05115B,4,37094,missing
0x9653cFd0865ad8313BEA2f0C2EC0584BFd05115B,5,54182,missing
0x9653cFd0865ad8313BEA2f0C2EC0584BFd05115B,6,49406,missing
0x9653cFd0865ad8313BEA2f0C2EC0584BFd05115B,7,54206,missing
0x9653cFd0865ad8313BEA2f0C2EC0584BFd05115B,8,32306,missing
0x9653cFd0865ad8313BEA2f0C2EC0584BFd05115B,9,54206,missing
0x9653cFd0865ad8313BEA2f0C2EC0584BFd05115B,10,54218,missing
0x9653cFd0865ad8313BEA2f0C2EC0584BFd05115B,11,32318,missing
0x9653cFd0865ad8313BEA2f0C2EC0584BFd05115B,12,26643,missing
0x9653cFd0865ad8313BEA2f0C2EC0584BFd05115B,13,26643,missing
0x9653cFd0865ad8313BEA2f0C2EC0584BFd05115B,14,26631,missing
0x9653cFd0865ad8313BEA2f0C2EC0584BFd05115B,15,26631,missing
0x9653cFd0865ad8313BEA2f0C2EC0584BFd05115B,16,26631,missing
0x9653cFd0865ad8313BEA2f0C2EC0584BFd05115B,17,54218,missing
0x9653cFd0865ad8313BEA2f0C2EC0584BFd05115B,18,54206,missing
0x9653cFd0865ad8313BEA2f0C2EC0584BFd05115B,19,54206,missing
0x9653cFd0865ad8313BEA2f0C2EC0584BFd05115B,20,37094,missing
0x9653cFd0865ad8313BEA2f0C2EC0584BFd05115B,21,37094,missing
0x9653cFd0865ad8313BEA2f0C2EC0584BFd05115B,22,37094,missing
0x9653cFd0865ad8313BEA2f0C2EC0584BFd05115B,23,37094,missing
0x9653cFd0865ad8313BEA2f0C2EC0584BFd05115B,24,54194,missing
0x9653cFd0865ad8313BEA2f0C2EC0584BFd05115B,25,54194,missing
0x9653cFd0865ad8313BEA2f0C2EC0584BFd05115B,26,37094,missing
0x9653cFd0865ad8313BEA2f0C2EC0584BFd05115B,27,37094,missing
0x9653cFd0865ad8313BEA2f0C2EC0584BFd05115B,28,37094,missing
0x9653cFd0865ad8313BEA2f0C2EC0584BFd05115B,29,54194,missing
0x9653cFd0865ad8313BEA2f0C2EC0584BFd05115B,30,54194,missing
0x9653cFd0865ad8313BEA2f0C2EC0584BFd05115B,31,37094,missing
0x9653cFd0865ad8313BEA2f0C2EC0584BFd05115B,32,37118,missing
0x9653cFd0865ad8313BEA2f0C2EC0584BFd05115B,33,54206,missing
0x9653cFd0865ad8313BEA2f0C2EC0584BFd05115B,34,54218,missing
0x9653cFd0865ad8313BEA2f0C2EC0584BFd05115B,35,54206,missing
0x9653cFd0865ad8313BEA2f0C2EC0584BFd05115B,36,54206,missing
0x9653cFd0865ad8313BEA2f0C2EC0584BFd05115B,37,54218,missing
0x9653cFd0865ad8313BEA2f0C2EC0584BFd05115B,38,54218,missing
0x9653cFd0865ad8313BEA2f0C2EC0584BFd05115B,39,54218,missing
0x9653cFd0865ad8313BEA2f0C2EC0584BFd05115B,40,37118,missing
0x9653cFd0865ad8313BEA2f0C2EC0584BFd05115B,41,37118,missing
0x9653cFd0865ad8313BEA2f0C2EC0584BFd05115B,42,37118,missing
0x9653cFd0865ad8313BEA2f0C2EC0584BFd05115B,43,54206,missing
0x9653cFd0865ad8313BEA2f0C2EC0584BFd05115B,44,54218,missing
0x9653cFd0865ad8313BEA2f0C2EC0584BFd05115B,45,54218,missing
0x9653cFd0865ad8313BEA2f0C2EC0584BFd05115B,46,54206,missing
0x9653cFd0865ad8313BEA2f0C2EC0584BFd05115B,47,37094,missing
0x9653cFd0865ad8313BEA2f0C2EC0584BFd05115B,48,54206,missing
0x9653cFd0865ad8313BEA2f0C2EC0584BFd05115B,49,54218,missing
0x9653cFd0865ad8313BEA2f0C2EC0584BFd05115B,50,37118,missing
0x9653cFd0865ad8313BEA2f0C2EC0584BFd05115B,51,54218,missing
0x9653cFd0865ad8313BEA2f0C2EC0584BFd05115B,52,54206,missing
0x9653cFd0865ad8313BEA2f0C2EC0584BFd05115B,53,54206,missing
0x9653cFd0865ad8313BEA2f0C2EC0584BFd05115B,54,54206,missing
0x9653cFd0865ad8313BEA2f0C2EC0584BFd05115B,55,37118,missing
0x9653cFd0865ad8313BEA2f0C2EC0584BFd05115B,56,37118,missing
0x9653cFd0865ad8313BEA2f0C2EC0584BFd05115B,57,54206,missing
0x9653cFd0865ad8313BEA2f0C2EC0584BFd05115B,58,54218,missing
0x9653cFd0865ad8313BEA2f0C2EC0584BFd05115B,59,54218,missing
0x9653cFd0865ad8313BEA2f0C2EC0584BFd05115B,60,32318,missing
0x9653cFd0865ad8313BEA2f0C2EC0584BFd05115B,61,32318,missing
0x9653cFd0865ad8313BEA2f0C2EC0584BFd05115B,62,32318,missing
0x9653cFd0865ad8313BEA2f0C2EC0584BFd05115B,63,32318,missing
0x9653cFd0865ad8313BEA2f0C2EC0584BFd05115B,64,32306,missing
0x9653cFd0865ad8313BEA2f0C2EC0584BFd05115B,65,26643,missing
0x9653cFd0865ad8313BEA2f0C2EC0584BFd05115B,66,26643,missing
0x9653cFd0865ad8313BEA2f0C2EC0584BFd05115B,67,26631,missing
0x9653cFd0865ad8313BEA2f0C2EC0584BFd05115B,68,26619,missing
0x9653cFd0865ad8313BEA2f0C2EC0584BFd05115B,69,32342,missing
0x9653cFd0865ad8313BEA2f0C2EC0584BFd05115B,70,27224,missing
0x9653cFd0865ad8313BEA2f0C2EC0584BFd05115B,71,54206,missing
0x9653cFd0865ad8313BEA2f0C2EC0584BFd05115B,72,26619,missing
0x9653cFd0865ad8313BEA2f0C2EC0584BFd05115B,73,37094,missing
0x9653cFd0865ad8313BEA2f0C2EC0584BFd05115B,74,37106,missing
0x9653cFd0865ad8313BEA2f0C2EC0584BFd05115B,75,54206,missing
0x9653cFd0865ad8313BEA2f0C2EC0584BFd05115B,76,37118,missing
0x9653cFd0865ad8313BEA2f0C2EC0584BFd05115B,77,54206,missing
0x9653cFd0865ad8313BEA2f0C2EC0584BFd05115B,78,54218,missing
0x9653cFd0865ad8313BEA2f0C2EC0584BFd05115B,79,54206,missing
0x9653cFd0865ad8313BEA2f0C2EC0584BFd05115B,80,54218,missing
0x9653cFd0865ad8313BEA2f0C2EC0584BFd05115B,81,37106,missing
0x9653cFd0865ad8313BEA2f0C2EC0584BFd05115B,82,54206,missing
0x9653cFd0865ad8313BEA2f0C2EC0584BFd05115B,83,54218,missing
0x9653cFd0865ad8313BEA2f0C2EC0584BFd05115B,84,37118,missing
0x9653cFd0865ad8313BEA2f0C2EC0584BFd05115B,85,37106,missing
0x9653cFd0865ad8313BEA2f0C2EC0584BFd05115B,86,54218,missing
0x9653cFd0865ad8313BEA2f0C2EC0584BFd05115B,87,37106,missing
0x9653cFd0865ad8313BEA2f0C2EC0584BFd05115B,88,37118,missing
0x9653cFd0865ad8313BEA2f0C2EC0584BFd05115B,89,37106,missing
0x9653cFd0865ad8313BEA2f0C2EC0584BFd05115B,90,37106,missing
0x9653cFd0865ad8313BEA2f0C2EC0584BFd05115B,91,37118,missing
0x9653cFd0865ad8313BEA2f0C2EC0584BFd05115B,92,54218,missing
0x9653cFd0865ad8313BEA2f0C2EC0584BFd05115B,93,54194,missing
0x9653cFd0865ad8313BEA2f0C2EC0584BFd05115B,94,37118,missing
0x9653cFd0865ad8313BEA2f0C2EC0584BFd05115B,95,37118,missing
0x9653cFd0865ad8313BEA2f0C2EC0584BFd05115B,96,54206,missing
0x9653cFd0865ad8313BEA2f0C2EC0584BFd05115B,97,54194,missing
0x9653cFd0865ad8313BEA2f0C2EC0584BFd05115B,98,26655,missing
0x9653cFd0865ad8313BEA2f0C2EC0584BFd05115B,99,54218,missing
0x9653cFd0865ad8313BEA2f0C2EC0584BFd05115B,100,37118,missing
0x9653cFd0865ad8313BEA2f0C2EC0584BFd05115B,101,54206,missing
0x9653cFd0865ad8313BEA2f0C2EC0584BFd05115B,102,37106,missing
0x9653cFd0865ad8313BEA2f0C2EC0584BFd05115B,103,37106,missing
0x9653cFd0865ad8313BEA2f0C2EC0584BFd05115B,104,37106,missing
0x9653cFd0865ad8313BEA2f0C2EC0584BFd05115B,105,32318,missing
0x9653cFd0865ad8313BEA2f0C2EC0584BFd05115B,106,54218,missing
0x9653cFd0865ad8313BEA2f0C2EC0584BFd05115B,107,37118,missing
0x9653cFd0865ad8313BEA2f0C2EC0584BFd05115B,108,54206,missing
0x9653cFd0865ad8313BEA2f0C2EC0584BFd05115B,109,32306,missing
0x9653cFd0865ad8313BEA2f0C2EC0584BFd05115B,110,32306,missing
0x9653cFd0865ad8313BEA2f0C2EC0584BFd05115B,111,32318,missing
0x9653cFd0865ad8313BEA2f0C2EC0584BFd05115B,112,32318,missing
0x9653cFd0865ad8313BEA2f0C2EC0584BFd05115B,113,32306,missing
0x9653cFd0865ad8313BEA2f0C2EC0584BFd05115B,114,32318,missing
0x9653cFd0865ad8313BEA2f0C2EC0584BFd05115B,115,32318,missing
0x9653cFd0865ad8313BEA2f0C2EC0584BFd05115B,116,32318,missing
0x9653cFd0865ad8313BEA2f0C2EC0584BFd05115B,117,32318,missing
0x9653cFd0865ad8313BEA2f0C2EC0584BFd05115B,118,54218,missing
0x9653cFd0865ad8313BEA2f0C2EC0584BFd05115B,119,32318,missing
0x9653cFd0865ad8313BEA2f0C2EC0584BFd05115B,120,37106,missing
0x9653cFd0865ad8313BEA2f0C2EC0584BFd05115B,121,54218,missing
0x9653cFd0865ad8313BEA2f0C2EC0584BFd05115B,122,54218,missing
0x9653cFd0865ad8313BEA2f0C2EC0584BFd05115B,123,32318,missing
0x9653cFd0865ad8313BEA2f0C2EC0584BFd05115B,124,54218,missing
0x9653cFd0865ad8313BEA2f0C2EC0584BFd05115B,125,32318,missing
0x9653cFd0865ad8313BEA2f0C2EC0584BFd05115B,126,54218,missing
0x9653cFd0865ad8313BEA2f0C2EC0584BFd05115B,127,32318,missing
0x9653cFd0865ad8313BEA2f0C2EC0584BFd05115B,128,54194,missing
0x9653cFd0865ad8313BEA2f0C2EC0584BFd05115B,129,32306,missing
0x9653cFd0865ad8313BEA2f0C2EC0584BFd05115B,130,37094,missing
0x9653cFd0865ad8313BEA2f0C2EC0584BFd05115B,131,32294,missing
0x9653cFd0865ad8313BEA2f0C2EC0584BFd05115B,132,54206,missing
0x9653cFd0865ad8313BEA2f0C2EC0584BFd05115B,133,32306,missing
0x9653cFd0865ad8313BEA2f0C2EC0584BFd05115B,134,26631,missing
0x9653cFd0865ad8313BEA2f0C2EC0584BFd05115B,135,26619,missing
0x9653cFd0865ad8313BEA2f0C2EC0584BFd05115B,136,54206,missing
0x9653cFd0865ad8313BEA2f0C2EC0584BFd05115B,137,37118,missing
0x9653cFd0865ad8313BEA2f0C2EC0584BFd05115B,138,54194,missing
0x9653cFd0865ad8313BEA2f0C2EC0584BFd05115B,139,37094,missing
0x9653cFd0865ad8313BEA2f0C2EC0584BFd05115B,140,37094,missing
0x9653cFd0865ad8313BEA2f0C2EC0584BFd05115B,141,37094,missing
0x9653cFd0865ad8313BEA2f0C2EC0584BFd05115B,142,37094,missing
0x9653cFd0865ad8313BEA2f0C2EC0584BFd05115B,143,37094,missing
0x9653cFd0865ad8313BEA2f0C2EC0584BFd05115B,144,37094,missing
0x9653cFd0865ad8313BEA2f0C2EC0584BFd05115B,145,37094,missing
0x9653cFd0865ad8313BEA2f0C2EC0584BFd05115B,146,37094,missing
0x9653cFd0865ad8313BEA2f0C2EC0584BFd05115B,147,37094,missing
0x9653cFd0865ad8313BEA2f0C2EC0584BFd05115B,148,37106,missing
0x9653cFd0865ad8313BEA2f0C2EC0584BFd05115B,149,32294,missing
0x9653cFd0865ad8313BEA2f0C2EC0584BFd05115B,150,54194,missing
0x9653cFd0865ad8313BEA2f0C2EC0584BFd05115B,151,54206,missing
0x9653cFd0865ad8313BEA2f0C2EC0584BFd05115B,152,54206,missing
0x9653cFd0865ad8313BEA2f0C2EC0584BFd05115B,153,54218,missing
0x9653cFd0865ad8313BEA2f0C2EC0584BFd05115B,154,37118,missing
0x9653cFd0865ad8313BEA2f0C2EC0584BFd05115B,155,37118,missing
0x9653cFd0865ad8313BEA2f0C2EC0584BFd05115B,156,37118,missing
0x9653cFd0865ad8313BEA2f0C2EC0584BFd05115B,157,37118,missing
0x9653cFd0865ad8313BEA2f0C2EC0584BFd05115B,158,37106,missing
0x9653cFd0865ad8313BEA2f0C2EC0584BFd05115B,159,32318,missing
0x9653cFd0865ad8313BEA2f0C2EC0584BFd05115B,160,54218,missing
0x9653cFd0865ad8313BEA2f0C2EC0584BFd05115B,161,54206,missing
0x9653cFd0865ad8313BEA2f0C2EC0584BFd05115B,162,32318,missing
0x9653cFd0865ad8313BEA2f0C2EC0584BFd05115B,163,32306,missing
0x9653cFd0865ad8313BEA2f0C2EC0584BFd05115B,164,54206,missing
0x9653cFd0865ad8313BEA2f0C2EC0584BFd05115B,165,32306,missing
0x9653cFd0865ad8313BEA2f0C2EC0584BFd05115B,166,54218,missing
0x9653cFd0865ad8313BEA2f0C2EC0584BFd05115B,167,32318,missing
0x9653cFd0865ad8313BEA2f0C2EC0584BFd05115B,168,54206,missing
0x9653cFd0865ad8313BEA2f0C2EC0584BFd05115B,169,37106,missing
0x9653cFd0865ad8313BEA2f0C2EC0584BFd05115B,170,37118,missing
0x9653cFd0865ad8313BEA2f0C2EC0584BFd05115B,171,37094,missing
0x9653cFd0865ad8313BEA2f0C2EC0584BFd05115B,172,32318,missing
0x9653cFd0865ad8313BEA2f0C2EC0584BFd05115B,173,37106,missing
0x9653cFd0865ad8313BEA2f0C2EC0584BFd05115B,174,37106,missing
0x9653cFd0865ad8313BEA2f0C2EC0584BFd05115B,175,37106,missing
0x9653cFd0865ad8313BEA2f0C2EC0584BFd05115B,176,54194,missing
0x9653cFd0865ad8313BEA2f0C2EC0584BFd05115B,177,54218,missing
0x9653cFd0865ad8313BEA2f0C2EC0584BFd05115B,178,32318,missing
0x9653cFd0865ad8313BEA2f0C2EC0584BFd05115B,179,54206,missing
0x9653cFd0865ad8313BEA2f0C2EC0584BFd05115B,180,32306,missing
0x9653cFd0865ad8313BEA2f0C2EC0584BFd05115B,181,54218,missing
0x9653cFd0865ad8313BEA2f0C2EC0584BFd05115B,182,32318,missing
0x9653cFd0865ad8313BEA2f0C2EC0584BFd05115B,183,54218,missing
0x9653cFd0865ad8313BEA2f0C2EC0584BFd05115B,184,54218,missing
0x9653cFd0865ad8313BEA2f0C2EC0584BFd05115B,185,32318,missing
0x9653cFd0865ad8313BEA2f0C2EC0584BFd05115B,186,32318,missing
0x9653cFd0865ad8313BEA2f0C2EC0584BFd05115B,187,26643,missing
0x9653cFd0865ad8313BEA2f0C2EC0584BFd05115B,188,26643,missing
0x9653cFd0865ad8313BEA2f0C2EC0584BFd05115B,189,26643,missing
0x9653cFd0865ad8313BEA2f0C2EC0584BFd05115B,190,26643,missing
0x9653cFd0865ad8313BEA2f0C2EC0584BFd05115B,191,54218,missing
0x9653cFd0865ad8313BEA2f0C2EC0584BFd05115B,192,37118,missing
0x9653cFd0865ad8313BEA2f0C2EC0584BFd05115B,193,37118,missing
0x9653cFd0865ad8313BEA2f0C2EC0584BFd05115B,194,37118,missing
0x9653cFd0865ad8313BEA2f0C2EC0584BFd05115B,195,32318,missing
0x9653cFd0865ad8313BEA2f0C2EC0584BFd05115B,196,54218,missing
0x9653cFd0865ad8313BEA2f0C2EC0584BFd05115B,197,32318,missing
0x9653cFd0865ad8313BEA2f0C2EC0584BFd05115B,198,37118,missing
0x9653cFd0865ad8313BEA2f0C2EC0584BFd05115B,199,37118,missing
0x9653cFd0865ad8313BEA2f0C2EC0584BFd05115B,200,37094,missing
0x9653cFd0865ad8313BEA2f0C2EC0584BFd05115B,201,37094,missing
0x9653cFd0865ad8313BEA2f0C2EC0584BFd05115B,202,37094,missing
0x9653cFd0865ad8313BEA2f0C2EC0584BFd05115B,203,37106,missing
0x9653cFd0865ad8313BEA2f0C2EC0584BFd05115B,204,54218,missing
0x9653cFd0865ad8313BEA2f0C2EC0584BFd05115B,205,37118,missing
0x9653cFd0865ad8313BEA2f0C2EC0584BFd05115B,206,37118,missing
0x9653cFd0865ad8313BEA2f0C2EC0584BFd05115B,207,37118,missing
0x9653cFd0865ad8313BEA2f0C2EC0584BFd05115B,208,54206,missing
0x9653cFd0865ad8313BEA2f0C2EC0584BFd05115B,209,37118,missing
0x9653cFd0865ad8313BEA2f0C2EC0584BFd05115B,210,37106,missing
0x9653cFd0865ad8313BEA2f0C2EC0584BFd05115B,211,37118,missing
0x9653cFd0865ad8313BEA2f0C2EC0584BFd05115B,212,37118,missing
0x9653cFd0865ad8313BEA2f0C2EC0584BFd05115B,213,37118,missing
0x9653cFd0865ad8313BEA2f0C2EC0584BFd05115B,214,54206,missing
0x9653cFd0865ad8313BEA2f0C2EC0584BFd05115B,215,37106,missing
0x9653cFd0865ad8313BEA2f0C2EC0584BFd05115B,216,37106,missing
0x9653cFd0865ad8313BEA2f0C2EC0584BFd05115B,217,37106,missing
0x9653cFd0865ad8313BEA2f0C2EC0584BFd05115B,218,54206,missing
0x9653cFd0865ad8313BEA2f0C2EC0584BFd05115B,219,32306,missing
0x9653cFd0865ad8313BEA2f0C2EC0584BFd05115B,220,26631,missing
0x9653cFd0865ad8313BEA2f0C2EC0584BFd05115B,221,54206,missing
0x9653cFd0865ad8313BEA2f0C2EC0584BFd05115B,222,37094,missing
0x9653cFd0865ad8313BEA2f0C2EC0584BFd05115B,223,26643,missing
0x9653cFd0865ad8313BEA2f0C2EC0584BFd05115B,224,54194,missing
0x9653cFd0865ad8313BEA2f0C2EC0584BFd05115B,225,26631,missing
0x9653cFd0865ad8313BEA2f0C2EC0584BFd05115B,226,26631,missing
0x9653cFd0865ad8313BEA2f0C2EC0584BFd05115B,227,54194,missing
0x9653cFd0865ad8313BEA2f0C2EC0584BFd05115B,228,54206,missing
0x9653cFd0865ad8313BEA2f0C2EC0584BFd05115B,229,37106,missing
0x9653cFd0865ad8313BEA2f0C2EC0584BFd05115B,230,37094,missing
0x9653cFd0865ad8313BEA2f0C2EC0584BFd05115B,231,37106,missing
0x9653cFd0865ad8313BEA2f0C2EC0584BFd05115B,232,37106,missing
0x9653cFd0865ad8313BEA2f0C2EC0584BFd05115B,233,37106,missing
0x9653cFd0865ad8313BEA2f0C2EC0584BFd05115B,234,37106,missing
0x9653cFd0865ad8313BEA2f0C2EC0584BFd05115B,235,37106,missing
0x9653cFd0865ad8313BEA2f0C2EC0584BFd05115B,236,37106,missing
0x9653cFd0865ad8313BEA2f0C2EC0584BFd05115B,237,37106,missing
0x9653cFd0865ad8313BEA2f0C2EC0584BFd05115B,238,37106,missing
0x9653cFd0865ad8313BEA2f0C2EC0584BFd05115B,239,37094,missing
0x9653cFd0865ad8313BEA2f0C2EC0584BFd05115B,240,37094,missing
0x9653cFd0865ad8313BEA2f0C2EC0584BFd05115B,241,37094,missing
0x9653cFd0865ad8313BEA2f0C2EC0584BFd05115B,242,37094,missing
0x9653cFd0865ad8313BEA2f0C2EC0584BFd05115B,243,37094,missing
0x9653cFd0865ad8313BEA2f0C2EC0584BFd05115B,244,37094,missing
0x9653cFd0865ad8313BEA2f0C2EC0584BFd05115B,245,37118,missing
0x9653cFd0865ad8313BEA2f0C2EC0584BFd05115B,246,37118,missing
0x9653cFd0865ad8313BEA2f0C2EC0584BFd05115B,247,37106,missing
0x9653cFd0865ad8313BEA2f0C2EC0584BFd05115B,248,37106,missing
0x9653cFd0865ad8313BEA2f0C2EC0584BFd05115B,249,37106,missing
0x9653cFd0865ad8313BEA2f0C2EC0584BFd05115B,250,54206,missing
0x9653cFd0865ad8313BEA2f0C2EC0584BFd05115B,251,37106,missing
0x9653cFd0865ad8313BEA2f0C2EC0584BFd05115B,252,37118,missing
0x9653cFd0865ad8313BEA2f0C2EC0584BFd05115B,253,54218,missing
0x9653cFd0865ad8313BEA2f0C2EC0584BFd05115B,254,37106,missing
0x9653cFd0865ad8313BEA2f0C2EC0584BFd05115B,255,37106,missing
0x9653cFd0865ad8313BEA2f0C2EC0584BFd05115B,256,54218,missing
0x9653cFd0865ad8313BEA2f0C2EC0584BFd05115B,257,54206,missing
0x9653cFd0865ad8313BEA2f0C2EC0584BFd05115B,258,37106,missing
0x9653cFd0865ad8313BEA2f0C2EC0584BFd05115B,259,37118,missing
0x9653cFd0865ad8313BEA2f0C2EC0584BFd05115B,260,32306,missing
0x9653cFd0865ad8313BEA2f0C2EC0584BFd05115B,261,37106,missing
0x9653cFd0865ad8313BEA2f0C2EC0584BFd05115B,262,37106,missing
0x9653cFd0865ad8313BEA2f0C2EC0584BFd05115B,263,37106,missing
0x9653cFd0865ad8313BEA2f0C2EC0584BFd05115B,264,37106,missing
0x9653cFd0865ad8313BEA2f0C2EC0584BFd05115B,265,37106,missing
0x9653cFd0865ad8313BEA2f0C2EC0584BFd05115B,266,37106,missing
0x9653cFd0865ad8313BEA2f0C2EC0584BFd05115B,267,37106,missing
0x9653cFd0865ad8313BEA2f0C2EC0584BFd05115B,268,37106,missing
0x9653cFd0865ad8313BEA2f0C2EC0584BFd05115B,269,37106,missing
0x9653cFd0865ad8313BEA2f0C2EC0584BFd05115B,270,37106,missing
0x9653cFd0865ad8313BEA2f0C2EC0584BFd05115B,271,37106,missing
0x9653cFd0865ad8313BEA2f0C2EC0584BFd05115B,272,37106,missing
0x9653cFd0865ad8313BEA2f0C2EC0584BFd05115B,273,32318,missing
0x9653cFd0865ad8313BEA2f0C2EC0584BFd05115B,274,54206,missing
0x9653cFd0865ad8313BEA2f0C2EC0584BFd05115B,275,37118,missing
0x9653cFd0865ad8313BEA2f0C2EC0584BFd05115B,276,54218,missing
0x9653cFd0865ad8313BEA2f0C2EC0584BFd05115B,277,32318,missing
0x9653cFd0865ad8313BEA2f0C2EC0584BFd05115B,278,54206,missing
0x9653cFd0865ad8313BEA2f0C2EC0584BFd05115B,279,37106,missing
0x9653cFd0865ad8313BEA2f0C2EC0584BFd05115B,280,37118,missing
0x9653cFd0865ad8313BEA2f0C2EC0584BFd05115B,281,37106,missing
0x9653cFd0865ad8313BEA2f0C2EC0584BFd05115B,282,32318,missing
0x9653cFd0865ad8313BEA2f0C2EC0584BFd05115B,283,37118,missing
0x9653cFd0865ad8313BEA2f0C2EC0584BFd05115B,284,37118,missing
0x9653cFd0865ad8313BEA2f0C2EC0584BFd05115B,285,37118,missing
0x9653cFd0865ad8313BEA2f0C2EC0584BFd05115B,286,37106,missing
0x9653cFd0865ad8313BEA2f0C2EC0584BFd05115B,287,54218,missing
0x9653cFd0865ad8313BEA2f0C2EC0584BFd05115B,288,37118,missing
0x9653cFd0865ad8313BEA2f0C2EC0584BFd05115B,289,37118,missing
0x9653cFd0865ad8313BEA2f0C2EC0584BFd05115B,290,37118,missing
0x9653cFd0865ad8313BEA2f0C2EC0584BFd05115B,291,54218,missing
0x9653cFd0865ad8313BEA2f0C2EC0584BFd05115B,292,54218,missing
0x9653cFd0865ad8313BEA2f0C2EC0584BFd05115B,293,37118,missing
0x9653cFd0865ad8313BEA2f0C2EC0584BFd05115B,294,54218,missing
0x9653cFd0865ad8313BEA2f0C2EC0584BFd05115B,295,54218,missing
0x9653cFd0865ad8313BEA2f0C2EC0584BFd05115B,296,37118,missing
0x9653cFd0865ad8313BEA2f0C2EC0584BFd05115B,297,37106,missing
0x9653cFd0865ad8313BEA2f0C2EC0584BFd05115B,298,37118,missing
0x9653cFd0865ad8313BEA2f0C2EC0584BFd05115B,299,37118,missing
0x9653cFd0865ad8313BEA2f0C2EC0584BFd05115B,300,54218,missing
0x9653cFd0865ad8313BEA2f0C2EC0584BFd05115B,count,300,0,-300
0xFdB3c07c25F5a6879cC8b00685ed1A080c59615E,1,29708,28153,-1555
0xFdB3c07c25F5a6879cC8b00685ed1A080c59615E,2,107779,missing
0xFdB3c07c25F5a6879cC8b00685ed1A080c59615E,3,73579,missing
0xFdB3c07c25F5a6879cC8b00685ed1A080c59615E,4,73579,missing
0xFdB3c07c25F5a6879cC8b00685ed1A080c59615E,5,56479,missing
0xFdB3c07c25F5a6879cC8b00685ed1A080c59615E,6,56479,missing
0xFdB3c07c25F5a6879cC8b00685ed1A080c59615E,7,73579,missing
0xFdB3c07c25F5a6879cC8b00685ed1A080c59615E,8,73555,missing
0xFdB3c07c25F5a6879cC8b00685ed1A080c59615E,9,73579,missing
0xFdB3c07c25F5a6879cC8b00685ed1A080c59615E,10,73579,missing
0xFdB3c07c25F5a6879cC8b00685ed1A080c59615E,11,76029,missing
0xFdB3c07c25F5a6879cC8b00685ed1A080c59615E,12,73555,missing
0xFdB3c07c25F5a6879cC8b00685ed1A080c59615E,13,73579,missing
0xFdB3c07c25F5a6879cC8b00685ed1A080c59615E,14,73579,missing
0xFdB3c07c25F5a6879cC8b00685ed1A080c59615E,15,73579,missing
0xFdB3c07c25F5a6879cC8b00685ed1A080c59615E,16,73567,missing
0xFdB3c07c25F5a6879cC8b00685ed1A080c59615E,17,56455,missing
0xFdB3c07c25F5a6879cC8b00685ed1A080c59615E,18,56455,missing
0xFdB3c07c25F5a6879cC8b00685ed1A080c59615E,19,73579,missing
0xFdB3c07c25F5a6879cC8b00685ed1A080c59615E,20,73579,missing
0xFdB3c07c25F5a6879cC8b00685ed1A080c59615E,21,73579,missing
0xFdB3c07c25F5a6879cC8b00685ed1A080c59615E,22,73567,missing
0xFdB3c07c25F5a6879cC8b00685ed1A080c59615E,23,73579,missing
0xFdB3c07c25F5a6879cC8b00685ed1A080c59615E,24,76029,missing
0xFdB3c07c25F5a6879cC8b00685ed1A080c59615E,25,73567,missing
0xFdB3c07c25F5a6879cC8b00685ed1A080c59615E,26,73579,missing
0xFdB3c07c25F5a6879cC8b00685ed1A080c59615E,27,73579,missing
0xFdB3c07c25F5a6879cC8b00685ed1A080c59615E,28,74361,missing
0xFdB3c07c25F5a6879cC8b00685ed1A080c59615E,29,73591,missing
0xFdB3c07c25F5a6879cC8b00685ed1A080c59615E,30,73567,missing
0xFdB3c07c25F5a6879cC8b00685ed1A080c59615E,31,73579,missing
0xFdB3c07c25F5a6879cC8b00685ed1A080c59615E,32,73567,missing
0xFdB3c07c25F5a6879cC8b00685ed1A080c59615E,33,56467,missing
0xFdB3c07c25F5a6879cC8b00685ed1A080c59615E,34,73579,missing
0xFdB3c07c25F5a6879cC8b00685ed1A080c59615E,35,73579,missing
0xFdB3c07c25F5a6879cC8b00685ed1A080c59615E,36,73579,missing
0xFdB3c07c25F5a6879cC8b00685ed1A080c59615E,37,73579,missing
0xFdB3c07c25F5a6879cC8b00685ed1A080c59615E,38,73567,missing
0xFdB3c07c25F5a6879cC8b00685ed1A080c59615E,39,73579,missing
0xFdB3c07c25F5a6879cC8b00685ed1A080c59615E,40,73579,missing
0xFdB3c07c25F5a6879cC8b00685ed1A080c59615E,41,73567,missing
0xFdB3c07c25F5a6879cC8b00685ed1A080c59615E,42,73567,missing
0xFdB3c07c25F5a6879cC8b00685ed1A080c59615E,43,73579,missing
0xFdB3c07c25F5a6879cC8b00685ed1A080c59615E,44,73579,missing
0xFdB3c07c25F5a6879cC8b00685ed1A080c59615E,45,73567,missing
0xFdB3c07c25F5a6879cC8b00685ed1A080c59615E,46,73579,missing
0xFdB3c07c25F5a6879cC8b00685ed1A080c59615E,47,73579,missing
0xFdB3c07c25F5a6879cC8b00685ed1A080c59615E,48,73567,missing
0xFdB3c07c25F5a6879cC8b00685ed1A080c59615E,49,56467,missing
0xFdB3c07c25F5a6879cC8b00685ed1A080c59615E,50,73579,missing
0xFdB3c07c25F5a6879cC8b00685ed1A080c59615E,51,73579,missing
0xFdB3c07c25F5a6879cC8b00685ed1A080c59615E,52,73579,missing
0xFdB3c07c25F5a6879cC8b00685ed1A080c59615E,53,73579,missing
0xFdB3c07c25F5a6879cC8b00685ed1A080c59615E,54,73579,missing
0xFdB3c07c25F5a6879cC8b00685ed1A080c59615E,55,73579,missing
0xFdB3c07c25F5a6879cC8b00685ed1A080c59615E,56,73579,missing
0xFdB3c07c25F5a6879cC8b00685ed1A080c59615E,57,74373,missing
0xFdB3c07c25F5a6879cC8b00685ed1A080c59615E,58,73579,missing
0xFdB3c07c25F5a6879cC8b00685ed1A080c59615E,59,56479,missing
0xFdB3c07c25F5a6879cC8b00685ed1A080c59615E,60,73579,missing
0xFdB3c07c25F5a6879cC8b00685ed1A080c59615E,61,73579,missing
0xFdB3c07c25F5a6879cC8b00685ed1A080c59615E,62,73579,missing
0xFdB3c07c25F5a6879cC8b00685ed1A080c59615E,63,73579,missing
0xFdB3c07c25F5a6879cC8b00685ed1A080c59615E,64,73579,missing
0xFdB3c07c25F5a6879cC8b00685ed1A080c59615E,65,73567,missing
0xFdB3c07c25F5a6879cC8b00685ed1A080c59615E,66,73579,missing
0xFdB3c07c25F5a6879cC8b00685ed1A080c59615E,67,73567,missing
0xFdB3c07c25F5a6879cC8b00685ed1A080c59615E,68,73579,missing
0xFdB3c07c25F5a6879cC8b00685ed1A080c59615E,69,73567,missing
0xFdB3c07c25F5a6879cC8b00685ed1A080c59615E,70,74373,missing
0xFdB3c07c25F5a6879cC8b00685ed1A080c59615E,71,73567,missing
0xFdB3c07c25F5a6879cC8b00685ed1A080c59615E,72,73579,missing
0xFdB3c07c25F5a6879cC8b00685ed1A080c59615E,73,73579,missing
0xFdB3c07c25F5a6879cC8b00685ed1A080c59615E,74,73579,missing
0xFdB3c07c25F5a6879cC8b00685ed1A080c59615E,75,73579,missing
0xFdB3c07c25F5a6879cC8b00685ed1A080c59615E,76,73579,missing
0xFdB3c07c25F5a6879cC8b00685ed1A080c59615E,77,56479,missing
0xFdB3c07c25F5a6879cC8b00685ed1A080c59615E,78,74373,missing
0xFdB3c07c25F5a6879cC8b00685ed1A080c59615E,79,74373,missing
0xFdB3c07c25F5a6879cC8b00685ed1A080c59615E,80,74373,missing
0xFdB3c07c25F5a6879cC8b00685ed1A080c59615E,81,73579,missing
0xFdB3c07c25F5a6879cC8b00685ed1A080c59615E,82,73579,missing
0xFdB3c07c25F5a6879cC8b00685ed1A080c59615E,83,73579,missing
0xFdB3c07c25F5a6879cC8b00685ed1A080c59615E,84,74373,missing
0xFdB3c07c25F5a6879cC8b00685ed1A080c59615E,85,73567,missing
0xFdB3c07c25F5a6879cC8b00685ed1A080c59615E,86,74373,missing
0xFdB3c07c25F5a6879cC8b00685ed1A080c59615E,87,73579,missing
0xFdB3c07c25F5a6879cC8b00685ed1A080c59615E,88,73579,missing
0xFdB3c07c25F5a6879cC8b00685ed1A080c59615E,89,73555,missing
0xFdB3c07c25F5a6879cC8b00685ed1A080c59615E,90,56479,missing
0xFdB3c07c25F5a6879cC8b00685ed1A080c59615E,91,73567,missing
0xFdB3c07c25F5a6879cC8b00685ed1A080c59615E,92,73567,missing
0xFdB3c07c25F5a6879cC8b00685ed1A080c59615E,93,73579,missing
0xFdB3c07c25F5a6879cC8b00685ed1A080c59615E,94,73567,missing
0xFdB3c07c25F5a6879cC8b00685ed1A080c59615E,95,73567,missing
0xFdB3c07c25F5a6879cC8b00685ed1A080c59615E,96,73579,missing
0xFdB3c07c25F5a6879cC8b00685ed1A080c59615E,97,73567,missing
0xFdB3c07c25F5a6879cC8b00685ed1A080c59615E,98,73579,missing
0xFdB3c07c25F5a6879cC8b00685ed1A080c59615E,99,73555,missing
0xFdB3c07c25F5a6879cC8b00685ed1A080c59615E,100,73555,missing
0xFdB3c07c25F5a6879cC8b00685ed1A080c59615E,101,73579,missing
0xFdB3c07c25F5a6879cC8b00685ed1A080c59615E,102,73579,missing
0xFdB3c07c25F5a6879cC8b00685ed1A080c59615E,103,73579,missing
0xFdB3c07c25F5a6879cC8b00685ed1A080c59615E,104,73579,missing
0xFdB3c07c25F5a6879cC8b00685ed1A080c59615E,105,56479,missing
0xFdB3c07c25F5a6879cC8b00685ed1A080c59615E,106,73579,missing
0xFdB3c07c25F5a6879cC8b00685ed1A080c59615E,107,73579,missing
0xFdB3c07c25F5a6879cC8b00685ed1A080c59615E,108,74361,missing
0xFdB3c07c25F5a6879cC8b00685ed1A080c59615E,109,73579,missing
0xFdB3c07c25F5a6879cC8b00685ed1A080c59615E,110,73579,missing
0xFdB3c07c25F5a6879cC8b00685ed1A080c59615E,111,73567,missing
0xFdB3c07c25F5a6879cC8b00685ed1A080c59615E,112,73579,missing
0xFdB3c07c25F5a6879cC8b00685ed1A080c59615E,113,73579,missing
0xFdB3c07c25F5a6879cC8b00685ed1A080c59615E,114,73579,missing
0xFdB3c07c25F5a6879cC8b00685ed1A080c59615E,115,73567,missing
0xFdB3c07c25F5a6879cC8b00685ed1A080c59615E,116,56467,missing
0xFdB3c07c25F5a6879cC8b00685ed1A080c59615E,117,56467,missing
0xFdB3c07c25F5a6879cC8b00685ed1A080c59615E,118,76041,missing
0xFdB3c07c25F5a6879cC8b00685ed1A080c59615E,119,57261,missing
0xFdB3c07c25F5a6879cC8b00685ed1A080c59615E,120,73579,missing
0xFdB3c07c25F5a6879cC8b00685ed1A080c59615E,121,56479,missing
0xFdB3c07c25F5a6879cC8b00685ed1A080c59615E,122,73579,missing
0xFdB3c07c25F5a6879cC8b00685ed1A080c59615E,123,73567,missing
0xFdB3c07c25F5a6879cC8b00685ed1A080c59615E,124,73579,missing
0xFdB3c07c25F5a6879cC8b00685ed1A080c59615E,125,73567,missing
0xFdB3c07c25F5a6879cC8b00685ed1A080c59615E,126,73579,missing
0xFdB3c07c25F5a6879cC8b00685ed1A080c59615E,127,73567,missing
0xFdB3c07c25F5a6879cC8b00685ed1A080c59615E,128,57273,missing
0xFdB3c07c25F5a6879cC8b00685ed1A080c59615E,129,73567,missing
0xFdB3c07c25F5a6879cC8b00685ed1A080c59615E,130,73579,missing
0xFdB3c07c25F5a6879cC8b00685ed1A080c59615E,131,73555,missing
0xFdB3c07c25F5a6879cC8b00685ed1A080c59615E,132,73579,missing
0xFdB3c07c25F5a6879cC8b00685ed1A080c59615E,133,73579,missing
0xFdB3c07c25F5a6879cC8b00685ed1A080c59615E,134,73567,missing
0xFdB3c07c25F5a6879cC8b00685ed1A080c59615E,135,73591,missing
0xFdB3c07c25F5a6879cC8b00685ed1A080c59615E,136,73579,missing
0xFdB3c07c25F5a6879cC8b00685ed1A080c59615E,137,73567,missing
0xFdB3c07c25F5a6879cC8b00685ed1A080c59615E,138,73567,missing
0xFdB3c07c25F5a6879cC8b00685ed1A080c59615E,139,73567,missing
0xFdB3c07c25F5a6879cC8b00685ed1A080c59615E,140,73579,missing
0xFdB3c07c25F5a6879cC8b00685ed1A080c59615E,141,56479,missing
0xFdB3c07c25F5a6879cC8b00685ed1A080c59615E,142,56479,missing
0xFdB3c07c25F5a6879cC8b00685ed1A080c59615E,143,73567,missing
0xFdB3c07c25F5a6879cC8b00685ed1A080c59615E,144,73579,missing
0xFdB3c07c25F5a6879cC8b00685ed1A080c59615E,145,73567,missing
0xFdB3c07c25F5a6879cC8b00685ed1A080c59615E,146,73579,missing
0xFdB3c07c25F5a6879cC8b00685ed1A080c59615E,147,73579,missing
0xFdB3c07c25F5a6879cC8b00685ed1A080c59615E,148,74361,missing
0xFdB3c07c25F5a6879cC8b00685ed1A080c59615E,149,73579,missing
0xFdB3c07c25F5a6879cC8b00685ed1A080c59615E,150,73567,missing
0xFdB3c07c25F5a6879cC8b00685ed1A080c59615E,151,73567,missing
0xFdB3c07c25F5a6879cC8b00685ed1A080c59615E,152,73567,missing
0xFdB3c07c25F5a6879cC8b00685ed1A080c59615E,153,73579,missing
0xFdB3c07c25F5a6879cC8b00685ed1A080c59615E,154,74361,missing
0xFdB3c07c25F5a6879cC8b00685ed1A080c59615E,155,73579,missing
0xFdB3c07c25F5a6879cC8b00685ed1A080c59615E,156,56467,missing
0xFdB3c07c25F5a6879cC8b00685ed1A080c59615E,157,73579,missing
0xFdB3c07c25F5a6879cC8b00685ed1A080c59615E,158,73579,missing
0xFdB3c07c25F5a6879cC8b00685ed1A080c59615E,159,73591,missing
0xFdB3c07c25F5a6879cC8b00685ed1A080c59615E,160,56491,missing
0xFdB3c07c25F5a6879cC8b00685ed1A080c59615E,161,73567,missing
0xFdB3c07c25F5a6879cC8b00685ed1A080c59615E,162,73567,missing
0xFdB3c07c25F5a6879cC8b00685ed1A080c59615E,163,56479,missing
0xFdB3c07c25F5a6879cC8b00685ed1A080c59615E,164,76029,missing
0xFdB3c07c25F5a6879cC8b00685ed1A080c59615E,165,73579,missing
0xFdB3c07c25F5a6879cC8b00685ed1A080c59615E,166,73579,missing
0xFdB3c07c25F5a6879cC8b00685ed1A080c59615E,167,73579,missing
0xFdB3c07c25F5a6879cC8b00685ed1A080c59615E,168,73579,missing
0xFdB3c07c25F5a6879cC8b00685ed1A080c59615E,169,73579,missing
0xFdB3c07c25F5a6879cC8b00685ed1A080c59615E,170,73567,missing
0xFdB3c07c25F5a6879cC8b00685ed1A080c59615E,171,73567,missing
0xFdB3c07c25F5a6879cC8b00685ed1A080c59615E,172,74361,missing
0xFdB3c07c25F5a6879cC8b00685ed1A080c59615E,173,73579,missing
0xFdB3c07c25F5a6879cC8b00685ed1A080c59615E,174,73579,missing
0xFdB3c07c25F5a6879cC8b00685ed1A080c59615E,175,76029,missing
0xFdB3c07c25F5a6879cC8b00685ed1A080c59615E,176,73579,missing
0xFdB3c07c25F5a6879cC8b00685ed1A080c59615E,177,73579,missing
0xFdB3c07c25F5a6879cC8b00685ed1A080c59615E,178,73579,missing
0xFdB3c07c25F5a6879cC8b00685ed1A080c59615E,179,73579,missing
0xFdB3c07c25F5a6879cC8b00685ed1A080c59615E,180,73579,missing
0xFdB3c07c25F5a6879cC8b00685ed1A080c59615E,181,73579,missing
0xFdB3c07c25F5a6879cC8b00685ed1A080c59615E,182,73579,missing
0xFdB3c07c25F5a6879cC8b00685ed1A080c59615E,183,73579,missing
0xFdB3c07c25F5a6879cC8b00685ed1A080c59615E,184,73555,missing
0xFdB3c07c25F5a6879cC8b00685ed1A080c59615E,185,73567,missing
0xFdB3c07c25F5a6879cC8b00685ed1A080c59615E,186,73579,missing
0xFdB3c07c25F5a6879cC8b00685ed1A080c59615E,187,73579,missing
0xFdB3c07c25F5a6879cC8b00685ed1A080c59615E,188,76041,missing
0xFdB3c07c25F5a6879cC8b00685ed1A080c59615E,189,73567,missing
0xFdB3c07c25F5a6879cC8b00685ed1A080c59615E,190,76053,missing
0xFdB3c07c25F5a6879cC8b00685ed1A080c59615E,191,58941,missing
0xFdB3c07c25F5a6879cC8b00685ed1A080c59615E,192,76041,missing
0xFdB3c07c25F5a6879cC8b00685ed1A080c59615E,193,76053,missing
0xFdB3c07c25F5a6879cC8b00685ed1A080c59615E,194,73579,missing
0xFdB3c07c25F5a6879cC8b00685ed1A080c59615E,195,73567,missing
0xFdB3c07c25F5a6879cC8b00685ed1A080c59615E,196,76053,missing
0xFdB3c07c25F5a6879cC8b00685ed1A080c59615E,197,73579,missing
0xFdB3c07c25F5a6879cC8b00685ed1A080c59615E,198,73579,missing
0xFdB3c07c25F5a6879cC8b00685ed1A080c59615E,199,73579,missing
0xFdB3c07c25F5a6879cC8b00685ed1A080c59615E,200,76041,missing
0xFdB3c07c25F5a6879cC8b00685ed1A080c59615E,201,73567,missing
0xFdB3c07c25F5a6879cC8b00685ed1A080c59615E,202,73579,missing
0xFdB3c07c25F5a6879cC8b00685ed1A080c59615E,203,73579,missing
0xFdB3c07c25F5a6879cC8b00685ed1A080c59615E,204,56467,missing
0xFdB3c07c25F5a6879cC8b00685ed1A080c59615E,205,73579,missing
0xFdB3c07c25F5a6879cC8b00685ed1A080c59615E,206,73567,missing
0xFdB3c07c25F5a6879cC8b00685ed1A080c59615E,207,76041,missing
0xFdB3c07c25F5a6879cC8b00685ed1A080c59615E,208,73567,missing
0xFdB3c07c25F5a6879cC8b00685ed1A080c59615E,209,73567,missing
0xFdB3c07c25F5a6879cC8b00685ed1A080c59615E,210,73579,missing
0xFdB3c07c25F5a6879cC8b00685ed1A080c59615E,211,73579,missing
0xFdB3c07c25F5a6879cC8b00685ed1A080c59615E,212,73555,missing
0xFdB3c07c25F5a6879cC8b00685ed1A080c59615E,213,73579,missing
0xFdB3c07c25F5a6879cC8b00685ed1A080c59615E,214,73579,missing
0xFdB3c07c25F5a6879cC8b00685ed1A080c59615E,215,73579,missing
0xFdB3c07c25F5a6879cC8b00685ed1A080c59615E,216,56479,missing
0xFdB3c07c25F5a6879cC8b00685ed1A080c59615E,217,73579,missing
0xFdB3c07c25F5a6879cC8b00685ed1A080c59615E,218,73567,missing
0xFdB3c07c25F5a6879cC8b00685ed1A080c59615E,219,73579,missing
0xFdB3c07c25F5a6879cC8b00685ed1A080c59615E,220,73579,missing
0xFdB3c07c25F5a6879cC8b00685ed1A080c59615E,221,74361,missing
0xFdB3c07c25F5a6879cC8b00685ed1A080c59615E,222,73579,missing
0xFdB3c07c25F5a6879cC8b00685ed1A080c59615E,223,76053,missing
0xFdB3c07c25F5a6879cC8b00685ed1A080c59615E,224,73579,missing
0xFdB3c07c25F5a6879cC8b00685ed1A080c59615E,225,74373,missing
0xFdB3c07c25F5a6879cC8b00685ed1A080c59615E,226,73579,missing
0xFdB3c07c25F5a6879cC8b00685ed1A080c59615E,227,73579,missing
0xFdB3c07c25F5a6879cC8b00685ed1A080c59615E,228,73567,missing
0xFdB3c07c25F5a6879cC8b00685ed1A080c59615E,229,76053,missing
0xFdB3c07c25F5a6879cC8b00685ed1A080c59615E,230,76029,missing
0xFdB3c07c25F5a6879cC8b00685ed1A080c59615E,231,73567,missing
0xFdB3c07c25F5a6879cC8b00685ed1A080c59615E,232,73579,missing
0xFdB3c07c25F5a6879cC8b00685ed1A080c59615E,233,73579,missing
0xFdB3c07c25F5a6879cC8b00685ed1A080c59615E,234,73579,missing
0xFdB3c07c25F5a6879cC8b00685ed1A080c59615E,235,76029,missing
0xFdB3c07c25F5a6879cC8b00685ed1A080c59615E,236,74361,missing
0xFdB3c07c25F5a6879cC8b00685ed1A080c59615E,237,73567,missing
0xFdB3c07c25F5a6879cC8b00685ed1A080c59615E,238,73579,missing
0xFdB3c07c25F5a6879cC8b00685ed1A080c59615E,239,73579,missing
0xFdB3c07c25F5a6879cC8b00685ed1A080c59615E,240,74373,missing
0xFdB3c07c25F5a6879cC8b00685ed1A080c59615E,241,76029,missing
0xFdB3c07c25F5a6879cC8b00685ed1A080c59615E,242,73579,missing
0xFdB3c07c25F5a6879cC8b00685ed1A080c59615E,243,74373,missing
0xFdB3c07c25F5a6879cC8b00685ed1A080c59615E,244,73579,missing
0xFdB3c07c25F5a6879cC8b00685ed1A080c59615E,245,73579,missing
0xFdB3c07c25F5a6879cC8b00685ed1A080c59615E,246,73567,missing
0xFdB3c07c25F5a6879cC8b00685ed1A080c59615E,247,73579,missing
0xFdB3c07c25F5a6879cC8b00685ed1A080c59615E,248,74361,missing
0xFdB3c07c25F5a6879cC8b00685ed1A080c59615E,249,57261,missing
0xFdB3c07c25F5a6879cC8b00685ed1A080c59615E,250,73579,missing
0xFdB3c07c25F5a6879cC8b00685ed1A080c59615E,251,76041,missing
0xFdB3c07c25F5a6879cC8b00685ed1A080c59615E,252,76041,missing
0xFdB3c07c25F5a6879cC8b00685ed1A080c59615E,253,73579,missing
0xFdB3c07c25F5a6879cC8b00685ed1A080c59615E,254,56479,missing
0xFdB3c07c25F5a6879cC8b00685ed1A080c59615E,255,74361,missing
0xFdB3c07c25F5a6879cC8b00685ed1A080c59615E,256,73567,missing
0xFdB3c07c25F5a6879cC8b00685ed1A080c59615E,257,73579,missing
0xFdB3c07c25F5a6879cC8b00685ed1A080c59615E,258,76029,missing
0xFdB3c07c25F5a6879cC8b00685ed1A080c59615E,259,73579,missing
0xFdB3c07c25F5a6879cC8b00685ed1A080c59615E,260,73579,missing
0xFdB3c07c25F5a6879cC8b00685ed1A080c59615E,261,76029,missing
0xFdB3c07c25F5a6879cC8b00685ed1A080c59615E,262,73579,missing
0xFdB3c07c25F5a6879cC8b00685ed1A080c59615E,263,73579,missing
0xFdB3c07c25F5a6879cC8b00685ed1A080c59615E,264,73579,missing
0xFdB3c07c25F5a6879cC8b00685ed1A080c59615E,265,74373,missing
0xFdB3c07c25F5a6879cC8b00685ed1A080c59615E,266,73579,missing
0xFdB3c07c25F5a6879cC8b00685ed1A080c59615E,267,73555,missing
0xFdB3c07c25F5a6879cC8b00685ed1A080c59615E,268,73567,missing
0xFdB3c07c25F5a6879cC8b00685ed1A080c59615E,269,73579,missing
0xFdB3c07c25F5a6879cC8b00685ed1A080c59615E,270,73579,missing
0xFdB3c07c25F5a6879cC8b00685ed1A080c59615E,271,73567,missing
0xFdB3c07c25F5a6879cC8b00685ed1A080c59615E,272,56467,missing
0xFdB3c07c25F5a6879cC8b00685ed1A080c59615E,273,73567,missing
0xFdB3c07c25F5a6879cC8b00685ed1A080c59615E,274,73579,missing
0xFdB3c07c25F5a6879cC8b00685ed1A080c59615E,275,74373,missing
0xFdB3c07c25F5a6879cC8b00685ed1A080c59615E,276,73579,missing
0xFdB3c07c25F5a6879cC8b00685ed1A080c59615E,277,73567,missing
0xFdB3c07c25F5a6879cC8b00685ed1A080c59615E,278,74361,missing
0xFdB3c07c25F5a6879cC8b00685ed1A080c59615E,279,73591,missing
0xFdB3c07c25F5a6879cC8b00685ed1A080c59615E,280,73579,missing
0xFdB3c07c25F5a6879cC8b00685ed1A080c59615E,281,73579,missing
0xFdB3c07c25F5a6879cC8b00685ed1A080c59615E,282,73567,missing
0xFdB3c07c25F5a6879cC8b00685ed1A080c59615E,283,76041,missing
0xFdB3c07c25F5a6879cC8b00685ed1A080c59615E,284,56479,missing
0xFdB3c07c25F5a6879cC8b00685ed1A080c59615E,285,73567,missing
0xFdB3c07c25F5a6879cC8b00685ed1A080c59615E,286,56479,missing
0xFdB3c07c25F5a6879cC8b00685ed1A080c59615E,287,73567,missing
0xFdB3c07c25F5a6879cC8b00685ed1A080c59615E,288,73579,missing
0xFdB3c07c25F5a6879cC8b00685ed1A080c59615E,289,73579,missing
0xFdB3c07c25F5a6879cC8b00685ed1A080c59615E,290,56479,missing
0xFdB3c07c25F5a6879cC8b00685ed1A080c59615E,291,74373,missing
0xFdB3c07c25F5a6879cC8b00685ed1A080c59615E,292,56467,missing
0xFdB3c07c25F5a6879cC8b00685ed1A080c59615E,293,76041,missing
0xFdB3c07c25F5a6879cC8b00685ed1A080c59615E,294,73579,missing
0xFdB3c07c25F5a6879cC8b00685ed1A080c59615E,295,56479,missing
0xFdB3c07c25F5a6879cC8b00685ed1A080c59615E,296,73567,missing
0xFdB3c07c25F5a6879cC8b00685ed1A080c59615E,297,73579,missing
0xFdB3c07c25F5a6879cC8b00685ed1A080c59615E,298,73567,missing
0xFdB3c07c25F5a6879cC8b00685ed1A080c59615E,299,73579,missing
0xFdB3c07c25F5a6879cC8b00685ed1A080c59615E,300,73579,missing
0xFdB3c07c25F5a6879cC8b00685ed1A080c59615E,301,73579,missing
0xFdB3c07c25F5a6879cC8b00685ed1A080c59615E,302,76029,missing
0xFdB3c07c25F5a6879cC8b00685ed1A080c59615E,count,302,1,-301
0x30ceCB5461A449A90081F5a5F55db4e048397BAB,1,52062,missing
0x30ceCB5461A449A90081F5a5F55db4e048397BAB,2,52062,missing
0x30ceCB5461A449A90081F5a5F55db4e048397BAB,3,52050,missing
0x30ceCB5461A449A90081F5a5F55db4e048397BAB,4,52050,missing
0x30ceCB5461A449A90081F5a5F55db4e048397BAB,5,52050,missing
0x30ceCB5461A449A90081F5a5F55db4e048397BAB,6,52050,missing
0x30ceCB5461A449A90081F5a5F55db4e048397BAB,7,52050,missing
0x30ceCB5461A449A90081F5a5F55db4e048397BAB,8,52050,missing
0x30ceCB5461A449A90081F5a5F55db4e048397BAB,9,34962,missing
0x30ceCB5461A449A90081F5a5F55db4e048397BAB,10,52062,missing
0x30ceCB5461A449A90081F5a5F55db4e048397BAB,11,52050,missing
0x30ceCB5461A449A90081F5a5F55db4e048397BAB,12,34950,missing
0x30ceCB5461A449A90081F5a5F55db4e048397BAB,13,34950,missing
0x30ceCB5461A449A90081F5a5F55db4e048397BAB,14,34950,missing
0x30ceCB5461A449A90081F5a5F55db4e048397BAB,15,34950,missing
0x30ceCB5461A449A90081F5a5F55db4e048397BAB,16,52050,missing
0x30ceCB5461A449A90081F5a5F55db4e048397BAB,17,34962,missing
0x30ceCB5461A449A90081F5a5F55db4e048397BAB,18,34962,missing
0x30ceCB5461A449A90081F5a5F55db4e048397BAB,19,52038,missing
0x30ceCB5461A449A90081F5a5F55db4e048397BAB,20,52050,missing
0x30ceCB5461A449A90081F5a5F55db4e048397BAB,21,52050,missing
0x30ceCB5461A449A90081F5a5F55db4e048397BAB,22,52050,missing
0x30ceCB5461A449A90081F5a5F55db4e048397BAB,23,47250,missing
0x30ceCB5461A449A90081F5a5F55db4e048397BAB,24,52050,missing
0x30ceCB5461A449A90081F5a5F55db4e048397BAB,25,34950,missing
0x30ceCB5461A449A90081F5a5F55db4e048397BAB,26,52050,missing
0x30ceCB5461A449A90081F5a5F55db4e048397BAB,27,34950,missing
0x30ceCB5461A449A90081F5a5F55db4e048397BAB,28,34950,missing
0x30ceCB5461A449A90081F5a5F55db4e048397BAB,29,52050,missing
0x30ceCB5461A449A90081F5a5F55db4e048397BAB,30,52050,missing
0x30ceCB5461A449A90081F5a5F55db4e048397BAB,31,34962,missing
0x30ceCB5461A449A90081F5a5F55db4e048397BAB,32,34962,missing
0x30ceCB5461A449A90081F5a5F55db4e048397BAB,33,34950,missing
0x30ceCB5461A449A90081F5a5F55db4e048397BAB,34,52050,missing
0x30ceCB5461A449A90081F5a5F55db4e048397BAB,35,34950,missing
0x30ceCB5461A449A90081F5a5F55db4e048397BAB,36,52050,missing
0x30ceCB5461A449A90081F5a5F55db4e048397BAB,37,52050,missing
0x30ceCB5461A449A90081F5a5F55db4e048397BAB,38,52050,missing
0x30ceCB5461A449A90081F5a5F55db4e048397BAB,39,52050,missing
0x30ceCB5461A449A90081F5a5F55db4e048397BAB,40,46285,missing
0x30ceCB5461A449A90081F5a5F55db4e048397BAB,41,52050,missing
0x30ceCB5461A449A90081F5a5F55db4e048397BAB,42,34950,missing
0x30ceCB5461A449A90081F5a5F55db4e048397BAB,44,34950,missing
0x30ceCB5461A449A90081F5a5F55db4e048397BAB,45,34950,missing
0x30ceCB5461A449A90081F5a5F55db4e048397BAB,46,52050,missing
0x30ceCB5461A449A90081F5a5F55db4e048397BAB,47,52050,missing
0x30ceCB5461A449A90081F5a5F55db4e048397BAB,48,52050,missing
0x30ceCB5461A449A90081F5a5F55db4e048397BAB,49,52050,missing
0x30ceCB5461A449A90081F5a5F55db4e048397BAB,50,52050,missing
0x30ceCB5461A449A90081F5a5F55db4e048397BAB,51,52050,missing
0x30ceCB5461A449A90081F5a5F55db4e048397BAB,52,52050,missing
0x30ceCB5461A449A90081F5a5F55db4e048397BAB,53,52050,missing
0x30ceCB5461A449A90081F5a5F55db4e048397BAB,54,52050,missing
0x30ceCB5461A449A90081F5a5F55db4e048397BAB,55,52050,missing
0x30ceCB5461A449A90081F5a5F55db4e048397BAB,56,52050,missing
0x30ceCB5461A449A90081F5a5F55db4e048397BAB,57,52050,missing
0x30ceCB5461A449A90081F5a5F55db4e048397BAB,58,52050,missing
0x30ceCB5461A449A90081F5a5F55db4e048397BAB,59,52050,missing
0x30ceCB5461A449A90081F5a5F55db4e048397BAB,60,52050,missing
0x30ceCB5461A449A90081F5a5F55db4e048397BAB,61,52050,missing
0x30ceCB5461A449A90081F5a5F55db4e048397BAB,62,52050,missing
0x30ceCB5461A449A90081F5a5F55db4e048397BAB,63,52050,missing
0x30ceCB5461A449A90081F5a5F55db4e048397BAB,64,52050,missing
0x30ceCB5461A449A90081F5a5F55db4e048397BAB,65,52050,missing
0x30ceCB5461A449A90081F5a5F55db4e048397BAB,66,52050,missing
0x30ceCB5461A449A90081F5a5F55db4e048397BAB,67,52050,missing
0x30ceCB5461A449A90081F5a5F55db4e048397BAB,68,52050,missing
0x30ceCB5461A449A90081F5a5F55db4e048397BAB,69,52050,missing
0x30ceCB5461A449A90081F5a5F55db4e048397BAB,70,52050,missing
0x30ceCB5461A449A90081F5a5F55db4e048397BAB,71,52050,missing
0x30ceCB5461A449A90081F5a5F55db4e048397BAB,72,52050,missing
0x30ceCB5461A449A90081F5a5F55db4e048397BAB,73,52050,missing
0x30ceCB5461A449A90081F5a5F55db4e048397BAB,74,52050,missing
0x30ceCB5461A449A90081F5a5F55db4e048397BAB,75,52050,missing
0x30ceCB5461A449A90081F5a5F55db4e048397BAB,76,52050,missing
0x30ceCB5461A449A90081F5a5F55db4e048397BAB,77,52050,missing
0x30ceCB5461A449A90081F5a5F55db4e048397BAB,78,52050,missing
0x30ceCB5461A449A90081F5a5F55db4e048397BAB,79,52050,missing
0x30ceCB5461A449A90081F5a5F55db4e048397BAB,80,52050,missing
0x30ceCB5461A449A90081F5a5F55db4e048397BAB,81,52050,missing
0x30ceCB5461A449A90081F5a5F55db4e048397BAB,82,52050,missing
0x30ceCB5461A449A90081F5a5F55db4e048397BAB,83,52026,missing
0x30ceCB5461A449A90081F5a5F55db4e048397BAB,84,52050,missing
0x30ceCB5461A449A90081F5a5F55db4e048397BAB,85,52038,missing
0x30ceCB5461A449A90081F5a5F55db4e048397BAB,86,52050,missing
0x30ceCB5461A449A90081F5a5F55db4e048397BAB,87,52050,missing
0x30ceCB5461A449A90081F5a5F55db4e048397BAB,88,52050,missing
0x30ceCB5461A449A90081F5a5F55db4e048397BAB,89,52050,missing
0x30ceCB5461A449A90081F5a5F55db4e048397BAB,90,34950,missing
0x30ceCB5461A449A90081F5a5F55db4e048397BAB,91,34950,missing
0x30ceCB5461A449A90081F5a5F55db4e048397BAB,92,52050,missing
0x30ceCB5461A449A90081F5a5F55db4e048397BAB,93,52050,missing
0x30ceCB5461A449A90081F5a5F55db4e048397BAB,94,52050,missing
0x30ceCB5461A449A90081F5a5F55db4e048397BAB,95,52050,missing
0x30ceCB5461A449A90081F5a5F55db4e048397BAB,96,52050,missing
0x30ceCB5461A449A90081F5a5F55db4e048397BAB,97,52050,missing
0x30ceCB5461A449A90081F5a5F55db4e048397BAB,98,52050,missing
0x30ceCB5461A449A90081F5a5F55db4e048397BAB,99,47250,missing
0x30ceCB5461A449A90081F5a5F55db4e048397BAB,100,52050,missing
0x30ceCB5461A449A90081F5a5F55db4e048397BAB,101,52050,missing
0x30ceCB5461A449A90081F5a5F55db4e048397BAB,102,52050,missing
0x30ceCB5461A449A90081F5a5F55db4e048397BAB,103,52050,missing
0x30ceCB5461A449A90081F5a5F55db4e048397BAB,104,52050,missing
0x30ceCB5461A449A90081F5a5F55db4e048397BAB,105,52026,missing
0x30ceCB5461A449A90081F5a5F55db4e048397BAB,106,52050,missing
0x30ceCB5461A449A90081F5a5F55db4e048397BAB,107,34974,missing
0x30ceCB5461A449A90081F5a5F55db4e048397BAB,108,34974,missing
0x30ceCB5461A449A90081F5a5F55db4e048397BAB,109,52074,missing
0x30ceCB5461A449A90081F5a5F55db4e048397BAB,111,34962,missing
0x30ceCB5461A449A90081F5a5F55db4e048397BAB,112,34974,missing
0x30ceCB5461A449A90081F5a5F55db4e048397BAB,113,52062,missing
0x30ceCB5461A449A90081F5a5F55db4e048397BAB,114,47250,missing
0x30ceCB5461A449A90081F5a5F55db4e048397BAB,115,52074,missing
0x30ceCB5461A449A90081F5a5F55db4e048397BAB,116,30162,missing
0x30ceCB5461A449A90081F5a5F55db4e048397BAB,117,52074,missing
0x30ceCB5461A449A90081F5a5F55db4e048397BAB,118,52074,missing
0x30ceCB5461A449A90081F5a5F55db4e048397BAB,119,52074,missing
0x30ceCB5461A449A90081F5a5F55db4e048397BAB,120,52062,missing
0x30ceCB5461A449A90081F5a5F55db4e048397BAB,121,52062,missing
0x30ceCB5461A449A90081F5a5F55db4e048397BAB,122,34962,missing
0x30ceCB5461A449A90081F5a5F55db4e048397BAB,123,30150,missing
0x30ceCB5461A449A90081F5a5F55db4e048397BAB,124,52062,missing
0x30ceCB5461A449A90081F5a5F55db4e048397BAB,125,52062,missing
0x30ceCB5461A449A90081F5a5F55db4e048397BAB,126,34962,missing
0x30ceCB5461A449A90081F5a5F55db4e048397BAB,127,34962,missing
0x30ceCB5461A449A90081F5a5F55db4e048397BAB,128,52050,missing
0x30ceCB5461A449A90081F5a5F55db4e048397BAB,129,34962,missing
0x30ceCB5461A449A90081F5a5F55db4e048397BAB,130,52050,missing
0x30ceCB5461A449A90081F5a5F55db4e048397BAB,131,34962,missing
0x30ceCB5461A449A90081F5a5F55db4e048397BAB,132,30150,missing
0x30ceCB5461A449A90081F5a5F55db4e048397BAB,134,52050,missing
0x30ceCB5461A449A90081F5a5F55db4e048397BAB,135,34962,missing
0x30ceCB5461A449A90081F5a5F55db4e048397BAB,136,34962,missing
0x30ceCB5461A449A90081F5a5F55db4e048397BAB,137,34974,missing
0x30ceCB5461A449A90081F5a5F55db4e048397BAB,138,52074,missing
0x30ceCB5461A449A90081F5a5F55db4e048397BAB,139,30162,missing
0x30ceCB5461A449A90081F5a5F55db4e048397BAB,140,30150,missing
0x30ceCB5461A449A90081F5a5F55db4e048397BAB,141,34962,missing
0x30ceCB5461A449A90081F5a5F55db4e048397BAB,142,52074,missing
0x30ceCB5461A449A90081F5a5F55db4e048397BAB,143,34962,missing
0x30ceCB5461A449A90081F5a5F55db4e048397BAB,144,34962,missing
0x30ceCB5461A449A90081F5a5F55db4e048397BAB,145,34962,missing
0x30ceCB5461A449A90081F5a5F55db4e048397BAB,146,52074,missing
0x30ceCB5461A449A90081F5a5F55db4e048397BAB,147,52050,missing
0x30ceCB5461A449A90081F5a5F55db4e048397BAB,148,30162,missing
0x30ceCB5461A449A90081F5a5F55db4e048397BAB,149,52050,missing
0x30ceCB5461A449A90081F5a5F55db4e048397BAB,150,52050,missing
0x30ceCB5461A449A90081F5a5F55db4e048397BAB,151,52050,missing
0x30ceCB5461A449A90081F5a5F55db4e048397BAB,152,34974,missing
0x30ceCB5461A449A90081F5a5F55db4e048397BAB,153,52050,missing
0x30ceCB5461A449A90081F5a5F55db4e048397BAB,155,34962,missing
0x30ceCB5461A449A90081F5a5F55db4e048397BAB,157,52050,missing
0x30ceCB5461A449A90081F5a5F55db4e048397BAB,158,52062,missing
0x30ceCB5461A449A90081F5a5F55db4e048397BAB,159,34974,missing
0x30ceCB5461A449A90081F5a5F55db4e048397BAB,161,34974,missing
0x30ceCB5461A449A90081F5a5F55db4e048397BAB,162,52062,missing
0x30ceCB5461A449A90081F5a5F55db4e048397BAB,163,34974,missing
0x30ceCB5461A449A90081F5a5F55db4e048397BAB,164,52062,missing
0x30ceCB5461A449A90081F5a5F55db4e048397BAB,165,52062,missing
0x30ceCB5461A449A90081F5a5F55db4e048397BAB,166,52062,missing
0x30ceCB5461A449A90081F5a5F55db4e048397BAB,167,34974,missing
0x30ceCB5461A449A90081F5a5F55db4e048397BAB,168,52074,missing
0x30ceCB5461A449A90081F5a5F55db4e048397BAB,170,34962,missing
0x30ceCB5461A449A90081F5a5F55db4e048397BAB,171,30162,missing
0x30ceCB5461A449A90081F5a5F55db4e048397BAB,173,52062,missing
0x30ceCB5461A449A90081F5a5F55db4e048397BAB,174,52074,missing
0x30ceCB5461A449A90081F5a5F55db4e048397BAB,175,30162,missing
0x30ceCB5461A449A90081F5a5F55db4e048397BAB,176,52038,missing
0x30ceCB5461A449A90081F5a5F55db4e048397BAB,178,52062,missing
0x30ceCB5461A449A90081F5a5F55db4e048397BAB,179,46285,missing
0x30ceCB5461A449A90081F5a5F55db4e048397BAB,185,52062,missing
0x30ceCB5461A449A90081F5a5F55db4e048397BAB,186,52062,missing
0x30ceCB5461A449A90081F5a5F55db4e048397BAB,187,34974,missing
0x30ceCB5461A449A90081F5a5F55db4e048397BAB,189,52062,missing
0x30ceCB5461A449A90081F5a5F55db4e048397BAB,191,30162,missing
0x30ceCB5461A449A90081F5a5F55db4e048397BAB,198,34962,missing
0x30ceCB5461A449A90081F5a5F55db4e048397BAB,199,52074,missing
0x30ceCB5461A449A90081F5a5F55db4e048397BAB,200,34974,missing
0x30ceCB5461A449A90081F5a5F55db4e048397BAB,201,34974,missing
0x30ceCB5461A449A90081F5a5F55db4e048397BAB,202,52062,missing
0x30ceCB5461A449A90081F5a5F55db4e048397BAB,203,34950,missing
0x30ceCB5461A449A90081F5a5F55db4e048397BAB,204,34986,missing
0x30ceCB5461A449A90081F5a5F55db4e048397BAB,206,52062,missing
0x30ceCB5461A449A90081F5a5F55db4e048397BAB,207,30150,missing
0x30ceCB5461A449A90081F5a5F55db4e048397BAB,208,52062,missing
0x30ceCB5461A449A90081F5a5F55db4e048397BAB,209,34962,missing
0x30ceCB5461A449A90081F5a5F55db4e048397BAB,210,34974,missing
0x30ceCB5461A449A90081F5a5F55db4e048397BAB,211,52062,missing
0x30ceCB5461A449A90081F5a5F55db4e048397BAB,212,34974,missing
0x30ceCB5461A449A90081F5a5F55db4e048397BAB,213,52050,missing
0x30ceCB5461A449A90081F5a5F55db4e048397BAB,214,52062,missing
0x30ceCB5461A449A90081F5a5F55db4e048397BAB,215,30150,missing
0x30ceCB5461A449A90081F5a5F55db4e048397BAB,216,52062,missing
0x30ceCB5461A449A90081F5a5F55db4e048397BAB,217,30150,missing
0x30ceCB5461A449A90081F5a5F55db4e048397BAB,218,52050,missing
0x30ceCB5461A449A90081F5a5F55db4e048397BAB,221,52050,missing
0x30ceCB5461A449A90081F5a5F55db4e048397BAB,222,30150,missing
0x30ceCB5461A449A90081F5a5F55db4e048397BAB,223,52062,missing
0x30ceCB5461A449A90081F5a5F55db4e048397BAB,224,30150,missing
0x30ceCB5461A449A90081F5a5F55db4e048397BAB,225,52074,missing
0x30ceCB5461A449A90081F5a5F55db4e048397BAB,226,30162,missing
0x30ceCB5461A449A90081F5a5F55db4e048397BAB,227,34974,missing
0x30ceCB5461A449A90081F5a5F55db4e048397BAB,228,52074,missing
0x30ceCB5461A449A90081F5a5F55db4e048397BAB,229,30162,missing
0x30ceCB5461A449A90081F5a5F55db4e048397BAB,230,52062,missing
0x30ceCB5461A449A90081F5a5F55db4e048397BAB,231,52062,missing
0x30ceCB5461A449A90081F5a5F55db4e048397BAB,232,52050,missing
0x30ceCB5461A449A90081F5a5F55db4e048397BAB,233,52062,missing
0x30ceCB5461A449A90081F5a5F55db4e048397BAB,234,34962,missing
0x30ceCB5461A449A90081F5a5F55db4e048397BAB,235,52062,missing
0x30ceCB5461A449A90081F5a5F55db4e048397BAB,236,52062,missing
0x30ceCB5461A449A90081F5a5F55db4e048397BAB,237,52062,missing
0x30ceCB5461A449A90081F5a5F55db4e048397BAB,238,52062,missing
0x30ceCB5461A449A90081F5a5F55db4e048397BAB,239,34974,missing
0x30ceCB5461A449A90081F5a5F55db4e048397BAB,242,52050,missing
0x30ceCB5461A449A90081F5a5F55db4e048397BAB,243,52062,missing
0x30ceCB5461A449A90081F5a5F55db4e048397BAB,244,52062,missing
0x30ceCB5461A449A90081F5a5F55db4e048397BAB,245,52074,missing
0x30ceCB5461A449A90081F5a5F55db4e048397BAB,246,52062,missing
0x30ceCB5461A449A90081F5a5F55db4e048397BAB,247,47250,missing
0x30ceCB5461A449A90081F5a5F55db4e048397BAB,248,30150,missing
0x30ceCB5461A449A90081F5a5F55db4e048397BAB,249,30162,missing
0x30ceCB5461A449A90081F5a5F55db4e048397BAB,250,34974,missing
0x30ceCB5461A449A90081F5a5F55db4e048397BAB,251,34974,missing
0x30ceCB5461A449A90081F5a5F55db4e048397BAB,252,34974,missing
0x30ceCB5461A449A90081F5a5F55db4e048397BAB,253,47250,missing
0x30ceCB5461A449A90081F5a5F55db4e048397BAB,260,34974,missing
0x30ceCB5461A449A90081F5a5F55db4e048397BAB,263,34962,missing
0x30ceCB5461A449A90081F5a5F55db4e048397BAB,264,52062,missing
0x30ceCB5461A449A90081F5a5F55db4e048397BAB,265,52062,missing
0x30ceCB5461A449A90081F5a5F55db4e048397BAB,268,52062,missing
0x30ceCB5461A449A90081F5a5F55db4e048397BAB,269,52062,missing
0x30ceCB5461A449A90081F5a5F55db4e048397BAB,270,34974,missing
0x30ceCB5461A449A90081F5a5F55db4e048397BAB,271,52062,missing
0x30ceCB5461A449A90081F5a5F55db4e048397BAB,274,34962,missing
0x30ceCB5461A449A90081F5a5F55db4e048397BAB,275,34974,missing
0x30ceCB5461A449A90081F5a5F55db4e048397BAB,281,52062,missing
0x30ceCB5461A449A90081F5a5F55db4e048397BAB,282,34974,missing
0x30ceCB5461A449A90081F5a5F55db4e048397BAB,283,34974,missing
0x30ceCB5461A449A90081F5a5F55db4e048397BAB,284,52074,missing
0x30ceCB5461A449A90081F5a5F55db4e048397BAB,285,30162,missing
0x30ceCB5461A449A90081F5a5F55db4e048397BAB,286,52062,missing
0x30ceCB5461A449A90081F5a5F55db4e048397BAB,287,52062,missing
0x30ceCB5461A449A90081F5a5F55db4e048397BAB,288,52050,missing
0x30ceCB5461A449A90081F5a5F55db4e048397BAB,291,34962,missing
0x30ceCB5461A449A90081F5a5F55db4e048397BAB,292,52062,missing
0x30ceCB5461A449A90081F5a5F55db4e048397BAB,293,52074,missing
0x30ceCB5461A449A90081F5a5F55db4e048397BAB,296,52074,missing
0x30ceCB5461A449A90081F5a5F55db4e048397BAB,298,30162,missing
0x30ceCB5461A449A90081F5a5F55db4e048397BAB,300,52050,missing
0x30ceCB5461A449A90081F5a5F55db4e048397BAB,303,52074,missing
0x30ceCB5461A449A90081F5a5F55db4e048397BAB,304,52074,missing
0x30ceCB5461A449A90081F5a5F55db4e048397BAB,306,30162,missing
0x30ceCB5461A449A90081F5a5F55db4e048397BAB,307,52062,missing
0x30ceCB5461A449A90081F5a5F55db4e048397BAB,308,30162,missing
0x30ceCB5461A449A90081F5a5F55db4e048397BAB,311,52062,missing
0x30ceCB5461A449A90081F5a5F55db4e048397BAB,313,52062,missing
0x30ceCB5461A449A90081F5a5F55db4e048397BAB,314,52062,missing
0x30ceCB5461A449A90081F5a5F55db4e048397BAB,315,34962,missing
0x30ceCB5461A449A90081F5a5F55db4e048397BAB,316,52050,missing
0x30ceCB5461A449A90081F5a5F55db4e048397BAB,320,52038,missing
0x30ceCB5461A449A90081F5a5F55db4e048397BAB,324,34950,missing
0x30ceCB5461A449A90081F5a5F55db4e048397BAB,326,52062,missing
0x30ceCB5461A449A90081F5a5F55db4e048397BAB,327,34962,missing
0x30ceCB5461A449A90081F5a5F55db4e048397BAB,328,52062,missing
0x30ceCB5461A449A90081F5a5F55db4e048397BAB,329,52074,missing
0x30ceCB5461A449A90081F5a5F55db4e048397BAB,330,52062,missing
0x30ceCB5461A449A90081F5a5F55db4e048397BAB,331,34962,missing
0x30ceCB5461A449A90081F5a5F55db4e048397BAB,count,268,0,-268
0x8fd1e427396ddb511533cf9abdbebd0a7e08da35,1,45599,28153,-17446
0x8fd1e427396ddb511533cf9abdbebd0a7e08da35,2,45676,40453,-5223
0x8fd1e427396ddb511533cf9abdbebd0a7e08da35,3,27445,missing
0x8fd1e427396ddb511533cf9abdbebd0a7e08da35,4,27445,missing
0x8fd1e427396ddb511533cf9abdbebd0a7e08da35,5,28499,28153,-346
0x8fd1e427396ddb511533cf9abdbebd0a7e08da35,6,28499,28153,-346
0x8fd1e427396ddb511533cf9abdbebd0a7e08da35,7,28499,28153,-346
0x8fd1e427396ddb511533cf9abdbebd0a7e08da35,8,28499,28153,-346
0x8fd1e427396ddb511533cf9abdbebd0a7e08da35,9,28499,missing
0x8fd1e427396ddb511533cf9abdbebd0a7e08da35,10,24566,missing
0x8fd1e427396ddb511533cf9abdbebd0a7e08da35,11,28499,missing
0x8fd1e427396ddb511533cf9abdbebd0a7e08da35,12,29702,28661,-1041
0x8fd1e427396ddb511533cf9abdbebd0a7e08da35,13,29702,28661,-1041
0x8fd1e427396ddb511533cf9abdbebd0a7e08da35,14,28499,missing
0x8fd1e427396ddb511533cf9abdbebd0a7e08da35,15,28499,28153,-346
0x8fd1e427396ddb511533cf9abdbebd0a7e08da35,count,15,9,-6
0x89c1b3807d4c67df034fffb62f3509561218d30b,1,22570,29085,6515
0x89c1b3807d4c67df034fffb62f3509561218d30b,2,22558,29073,6515
0x89c1b3807d4c67df034fffb62f3509561218d30b,3,22570,29085,6515
0x89c1b3807d4c67df034fffb62f3509561218d30b,4,22558,29073,6515
0x89c1b3807d4c67df034fffb62f3509561218d30b,6,22546,29061,6515
0x89c1b3807d4c67df034fffb62f3509561218d30b,7,22558,29073,6515
0x89c1b3807d4c67df034fffb62f3509561218d30b,8,22558,29073,6515
0x89c1b3807d4c67df034fffb62f3509561218d30b,9,22570,29085,6515
0x89c1b3807d4c67df034fffb62f3509561218d30b,10,22558,29073,6515
0x89c1b3807d4c67df034fffb62f3509561218d30b,11,22558,29073,6515
0x89c1b3807d4c67df034fffb62f3509561218d30b,12,22570,29085,6515
0x89c1b3807d4c67df034fffb62f3509561218d30b,13,22558,29073,6515
0x89c1b3807d4c67df034fffb62f3509561218d30b,14,22558,29073,6515
0x89c1b3807d4c67df034fffb62f3509561218d30b,15,22558,29073,6515
0x89c1b3807d4c67df034fffb62f3509561218d30b,16,124908,41769,-83139
0x89c1b3807d4c67df034fffb62f3509561218d30b,17,22546,29061,6515
0x89c1b3807d4c67df034fffb62f3509561218d30b,18,124908,41769,-83139
0x89c1b3807d4c67df034fffb62f3509561218d30b,19,22546,29061,6515
0x89c1b3807d4c67df034fffb62f3509561218d30b,20,124908,41769,-83139
0x89c1b3807d4c67df034fffb62f3509561218d30b,21,22546,29061,6515
0x89c1b3807d4c67df034fffb62f3509561218d30b,22,124908,41769,-83139
0x89c1b3807d4c67df034fffb62f3509561218d30b,23,22546,29061,6515
0x89c1b3807d4c67df034fffb62f3509561218d30b,24,124908,41769,-83139
0x89c1b3807d4c67df034fffb62f3509561218d30b,25,22546,29061,6515
0x89c1b3807d4c67df034fffb62f3509561218d30b,26,124908,41769,-83139
0x89c1b3807d4c67df034fffb62f3509561218d30b,27,22546,29061,6515
0x89c1b3807d4c67df034fffb62f3509561218d30b,28,124908,41769,-83139
0x89c1b3807d4c67df034fffb62f3509561218d30b,29,22546,29061,6515
0x89c1b3807d4c67df034fffb62f3509561218d30b,30,124908,41769,-83139
0x89c1b3807d4c67df034fffb62f3509561218d30b,31,22546,29061,6515
0x89c1b3807d4c67df034fffb62f3509561218d30b,32,124908,41769,-83139
0x89c1b3807d4c67df034fffb62f3509561218d30b,33,22546,29061,6515
0x89c1b3807d4c67df034fffb62f3509561218d30b,34,124908,41769,-83139
0x89c1b3807d4c67df034fffb62f3509561218d30b,35,22546,29061,6515
0x89c1b3807d4c67df034fffb62f3509561218d30b,36,124908,41769,-83139
0x89c1b3807d4c67df034fffb62f3509561218d30b,37,22546,29061,6515
0x89c1b3807d4c67df034fffb62f3509561218d30b,38,124908,41769,-83139
0x89c1b3807d4c67df034fffb62f3509561218d30b,39,22546,29061,6515
0x89c1b3807d4c67df034fffb62f3509561218d30b,40,124908,41769,-83139
0x89c1b3807d4c67df034fffb62f3509561218d30b,41,22546,29061,6515
0x89c1b3807d4c67df034fffb62f3509561218d30b,42,124908,41769,-83139
0x89c1b3807d4c67df034fffb62f3509561218d30b,43,22546,29061,6515
0x89c1b3807d4c67df034fffb62f3509561218d30b,44,124908,41769,-83139
0x89c1b3807d4c67df034fffb62f3509561218d30b,45,22546,29061,6515
0x89c1b3807d4c67df034fffb62f3509561218d30b,46,124908,41769,-83139
0x89c1b3807d4c67df034fffb62f3509561218d30b,47,22546,29061,6515
0x89c1b3807d4c67df034fffb62f3509561218d30b,48,124908,41769,-83139
0x89c1b3807d4c67df034fffb62f3509561218d30b,49,22546,29061,6515
0x89c1b3807d4c67df034fffb62f3509561218d30b,50,124908,41769,-83139
0x89c1b3807d4c67df034fffb62f3509561218d30b,51,22546,29061,6515
0x89c1b3807d4c67df034fffb62f3509561218d30b,52,124908,41769,-83139
0x89c1b3807d4c67df034fffb62f3509561218d30b,53,22546,29061,6515
0x89c1b3807d4c67df034fffb62f3509561218d30b,54,124908,41769,-83139
0x89c1b3807d4c67df034fffb62f3509561218d30b,55,22546,29061,6515
0x89c1b3807d4c67df034fffb62f3509561218d30b,56,124908,41769,-83139
0x89c1b3807d4c67df034fffb62f3509561218d30b,57,22546,29061,6515
0x89c1b3807d4c67df034fffb62f3509561218d30b,58,124908,41769,-83139
0x89c1b3807d4c67df034fffb62f3509561218d30b,59,22546,29061,6515
0x89c1b3807d4c67df034fffb62f3509561218d30b,60,124908,41769,-83139
0x89c1b3807d4c67df034fffb62f3509561218d30b,61,22546,29061,6515
0x89c1b3807d4c67df034fffb62f3509561218d30b,62,124908,41769,-83139
0x89c1b3807d4c67df034fffb62f3509561218d30b,63,22546,29061,6515
0x89c1b3807d4c67df034fffb62f3509561218d30b,64,124908,41769,-83139
0x89c1b3807d4c67df034fffb62f3509561218d30b,65,22546,29061,6515
0x89c1b3807d4c67df034fffb62f3509561218d30b,66,124908,41769,-83139
0x89c1b3807d4c67df034fffb62f3509561218d30b,67,22546,29061,6515
0x89c1b3807d4c67df034fffb62f3509561218d30b,68,124908,41769,-83139
0x89c1b3807d4c67df034fffb62f3509561218d30b,69,22546,29061,6515
0x89c1b3807d4c67df034fffb62f3509561218d30b,70,124908,41769,-83139
0x89c1b3807d4c67df034fffb62f3509561218d30b,71,22546,29061,6515
0x89c1b3807d4c67df034fffb62f3509561218d30b,72,124908,41769,-83139
0x89c1b3807d4c67df034fffb62f3509561218d30b,73,22546,29061,6515
0x89c1b3807d4c67df034fffb62f3509561218d30b,74,124908,41769,-83139
0x89c1b3807d4c67df034fffb62f3509561218d30b,75,22546,29061,6515
0x89c1b3807d4c67df034fffb62f3509561218d30b,76,124908,41769,-83139
0x89c1b3807d4c67df034fffb62f3509561218d30b,77,22546,29061,6515
0x89c1b3807d4c67df034fffb62f3509561218d30b,78,124908,41769,-83139
0x89c1b3807d4c67df034fffb62f3509561218d30b,79,22546,29061,6515
0x89c1b3807d4c67df034fffb62f3509561218d30b,80,124908,41769,-83139
0x89c1b3807d4c67df034fffb62f3509561218d30b,81,22546,29061,6515
0x89c1b3807d4c67df034fffb62f3509561218d30b,82,124908,41769,-83139
0x89c1b3807d4c67df034fffb62f3509561218d30b,83,22546,29061,6515
0x89c1b3807d4c67df034fffb62f3509561218d30b,84,124908,41769,-83139
0x89c1b3807d4c67df034fffb62f3509561218d30b,85,22546,29061,6515
0x89c1b3807d4c67df034fffb62f3509561218d30b,86,124908,41769,-83139
0x89c1b3807d4c67df034fffb62f3509561218d30b,87,22546,29061,6515
0x89c1b3807d4c67df034fffb62f3509561218d30b,88,124908,41769,-83139
0x89c1b3807d4c67df034fffb62f3509561218d30b,89,22546,29061,6515
0x89c1b3807d4c67df034fffb62f3509561218d30b,90,124908,41769,-83139
0x89c1b3807d4c67df034fffb62f3509561218d30b,91,22546,29061,6515
0x89c1b3807d4c67df034fffb62f3509561218d30b,92,124908,41769,-83139
0x89c1b3807d4c67df034fffb62f3509561218d30b,93,22546,29061,6515
0x89c1b3807d4c67df034fffb62f3509561218d30b,94,124908,41769,-83139
0x89c1b3807d4c67df034fffb62f3509561218d30b,95,22546,29061,6515
0x89c1b3807d4c67df034fffb62f3509561218d30b,96,124908,41769,-83139
0x89c1b3807d4c67df034fffb62f3509561218d30b,97,22546,29061,6515
0x89c1b3807d4c67df034fffb62f3509561218d30b,98,124908,41769,-83139
0x89c1b3807d4c67df034fffb62f3509561218d30b,99,22546,29061,6515
0x89c1b3807d4c67df034fffb62f3509561218d30b,100,124908,41769,-83139
0x89c1b3807d4c67df034fffb62f3509561218d30b,101,22546,29061,6515
0x89c1b3807d4c67df034fffb62f3509561218d30b,102,124908,41769,-83139
0x89c1b3807d4c67df034fffb62f3509561218d30b,103,22546,29061,6515
0x89c1b3807d4c67df034fffb62f3509561218d30b,104,124908,41769,-83139
0x89c1b3807d4c67df034fffb62f3509561218d30b,105,22546,29061,6515
0x89c1b3807d4c67df034fffb62f3509561218d30b,106,124908,41769,-83139
0x89c1b3807d4c67df034fffb62f3509561218d30b,107,22546,29061,6515
0x89c1b3807d4c67df034fffb62f3509561218d30b,108,124908,41769,-83139
0x89c1b3807d4c67df034fffb62f3509561218d30b,109,22558,29073,6515
0x89c1b3807d4c67df034fffb62f3509561218d30b,110,124908,41769,-83139
0x89c1b3807d4c67df034fffb62f3509561218d30b,111,22558,29073,6515
0x89c1b3807d4c67df034fffb62f3509561218d30b,112,124908,41769,-83139
0x89c1b3807d4c67df034fffb62f3509561218d30b,113,22558,29073,6515
0x89c1b3807d4c67df034fffb62f3509561218d30b,114,124908,41769,-83139
0x89c1b3807d4c67df034fffb62f3509561218d30b,115,22558,29073,6515
0x89c1b3807d4c67df034fffb62f3509561218d30b,116,124908,41769,-83139
0x89c1b3807d4c67df034fffb62f3509561218d30b,117,22558,29073,6515
0x89c1b3807d4c67df034fffb62f3509561218d30b,118,124908,41769,-83139
0x89c1b3807d4c67df034fffb62f3509561218d30b,119,22558,29073,6515
0x89c1b3807d4c67df034fffb62f3509561218d30b,120,124908,41769,-83139
0x89c1b3807d4c67df034fffb62f3509561218d30b,121,22558,29073,6515
0x89c1b3807d4c67df034fffb62f3509561218d30b,122,124908,41769,-83139
0x89c1b3807d4c67df034fffb62f3509561218d30b,123,22558,29073,6515
0x89c1b3807d4c67df034fffb62f3509561218d30b,124,124908,41769,-83139
0x89c1b3807d4c67df034fffb62f3509561218d30b,125,22558,29073,6515
0x89c1b3807d4c67df034fffb62f3509561218d30b,126,124908,41769,-83139
0x89c1b3807d4c67df034fffb62f3509561218d30b,127,22558,29073,6515
0x89c1b3807d4c67df034fffb62f3509561218d30b,128,124908,41769,-83139
0x89c1b3807d4c67df034fffb62f3509561218d30b,129,22558,29073,6515
0x89c1b3807d4c67df034fffb62f3509561218d30b,130,124908,41769,-83139
0x89c1b3807d4c67df034fffb62f3509561218d30b,131,22558,29073,6515
0x89c1b3807d4c67df034fffb62f3509561218d30b,132,124908,41769,-83139
0x89c1b3807d4c67df034fffb62f3509561218d30b,133,22558,29073,6515
0x89c1b3807d4c67df034fffb62f3509561218d30b,134,124908,41769,-83139
0x89c1b3807d4c67df034fffb62f3509561218d30b,135,22558,29073,6515
0x89c1b3807d4c67df034fffb62f3509561218d30b,136,124908,41769,-83139
0x89c1b3807d4c67df034fffb62f3509561218d30b,137,22558,29073,6515
0x89c1b3807d4c67df034fffb62f3509561218d30b,138,124908,41769,-83139
0x89c1b3807d4c67df034fffb62f3509561218d30b,139,22558,29073,6515
0x89c1b3807d4c67df034fffb62f3509561218d30b,140,124908,41769,-83139
0x89c1b3807d4c67df034fffb62f3509561218d30b,141,22558,29073,6515
0x89c1b3807d4c67df034fffb62f3509561218d30b,142,124908,41769,-83139
0x89c1b3807d4c67df034fffb62f3509561218d30b,143,22558,29073,6515
0x89c1b3807d4c67df034fffb62f3509561218d30b,144,124908,41769,-83139
0x89c1b3807d4c67df034fffb62f3509561218d30b,145,22558,29073,6515
0x89c1b3807d4c67df034fffb62f3509561218d30b,146,124908,41769,-83139
0x89c1b3807d4c67df034fffb62f3509561218d30b,147,22558,29073,6515
0x89c1b3807d4c67df034fffb62f3509561218d30b,148,124908,41769,-83139
0x89c1b3807d4c67df034fffb62f3509561218d30b,149,22558,29073,6515
0x89c1b3807d4c67df034fffb62f3509561218d30b,150,124908,41769,-83139
0x89c1b3807d4c67df034fffb62f3509561218d30b,151,22558,29073,6515
0x89c1b3807d4c67df034fffb62f3509561218d30b,152,124908,41769,-83139
0x89c1b3807d4c67df034fffb62f3509561218d30b,153,124908,41769,-83139
0x89c1b3807d4c67df034fffb62f3509561218d30b,154,124908,41769,-83139
0x89c1b3807d4c67df034fffb62f3509561218d30b,155,124908,41769,-83139
0x89c1b3807d4c67df034fffb62f3509561218d30b,156,124908,41769,-83139
0x89c1b3807d4c67df034fffb62f3509561218d30b,157,124908,41769,-83139
0x89c1b3807d4c67df034fffb62f3509561218d30b,158,124908,41769,-83139
0x89c1b3807d4c67df034fffb62f3509561218d30b,159,124908,41769,-83139
0x89c1b3807d4c67df034fffb62f3509561218d30b,160,124908,41769,-83139
0x89c1b3807d4c67df034fffb62f3509561218d30b,161,22558,29073,6515
0x89c1b3807d4c67df034fffb62f3509561218d30b,162,22558,29073,6515
0x89c1b3807d4c67df034fffb62f3509561218d30b,163,22558,29073,6515
0x89c1b3807d4c67df034fffb62f3509561218d30b,164,22558,29073,6515
0x89c1b3807d4c67df034fffb62f3509561218d30b,165,22558,29073,6515
0x89c1b3807d4c67df034fffb62f3509561218d30b,166,22558,29073,6515
0x89c1b3807d4c67df034fffb62f3509561218d30b,167,22558,29073,6515
0x89c1b3807d4c67df034fffb62f3509561218d30b,168,124908,41769,-83139
0x89c1b3807d4c67df034fffb62f3509561218d30b,169,22558,29073,6515
0x89c1b3807d4c67df034fffb62f3509561218d30b,170,124908,41769,-83139
0x89c1b3807d4c67df034fffb62f3509561218d30b,171,22558,29073,6515
0x89c1b3807d4c67df034fffb62f3509561218d30b,172,124908,41769,-83139
0x89c1b3807d4c67df034fffb62f3509561218d30b,173,22558,29073,6515
0x89c1b3807d4c67df034fffb62f3509561218d30b,174,124908,41769,-83139
0x89c1b3807d4c67df034fffb62f3509561218d30b,175,22558,29073,6515
0x89c1b3807d4c67df034fffb62f3509561218d30b,176,124908,41769,-83139
0x89c1b3807d4c67df034fffb62f3509561218d30b,177,22558,29073,6515
0x89c1b3807d4c67df034fffb62f3509561218d30b,178,124908,41769,-83139
0x89c1b3807d4c67df034fffb62f3509561218d30b,179,22558,29073,6515
0x89c1b3807d4c67df034fffb62f3509561218d30b,180,124908,41769,-83139
0x89c1b3807d4c67df034fffb62f3509561218d30b,181,22558,29073,6515
0x89c1b3807d4c67df034fffb62f3509561218d30b,182,124908,41769,-83139
0x89c1b3807d4c67df034fffb62f3509561218d30b,183,22546,29061,6515
0x89c1b3807d4c67df034fffb62f3509561218d30b,184,124908,41769,-83139
0x89c1b3807d4c67df034fffb62f3509561218d30b,185,22546,29061,6515
0x89c1b3807d4c67df034fffb62f3509561218d30b,186,124908,41769,-83139
0x89c1b3807d4c67df034fffb62f3509561218d30b,187,22546,29061,6515
0x89c1b3807d4c67df034fffb62f3509561218d30b,188,124908,41769,-83139
0x89c1b3807d4c67df034fffb62f3509561218d30b,189,22546,29061,6515
0x89c1b3807d4c67df034fffb62f3509561218d30b,190,124908,41769,-83139
0x89c1b3807d4c67df034fffb62f3509561218d30b,191,22546,29061,6515
0x89c1b3807d4c67df034fffb62f3509561218d30b,192,124908,41769,-83139
0x89c1b3807d4c67df034fffb62f3509561218d30b,193,22546,29061,6515
0x89c1b3807d4c67df034fffb62f3509561218d30b,194,124908,41769,-83139
0x89c1b3807d4c67df034fffb62f3509561218d30b,195,22546,29061,6515
0x89c1b3807d4c67df034fffb62f3509561218d30b,196,124908,41769,-83139
0x89c1b3807d4c67df034fffb62f3509561218d30b,197,22546,29061,6515
0x89c1b3807d4c67df034fffb62f3509561218d30b,198,124908,41769,-83139
0x89c1b3807d4c67df034fffb62f3509561218d30b,199,22558,29073,6515
0x89c1b3807d4c67df034fffb62f3509561218d30b,200,124908,41769,-83139
0x89c1b3807d4c67df034fffb62f3509561218d30b,201,22558,29073,6515
0x89c1b3807d4c67df034fffb62f3509561218d30b,202,124908,41769,-83139
0x89c1b3807d4c67df034fffb62f3509561218d30b,203,124896,41757,-83139
0x89c1b3807d4c67df034fffb62f3509561218d30b,204,124896,41757,-83139
0x89c1b3807d4c67df034fffb62f3509561218d30b,205,124896,41757,-83139
0x89c1b3807d4c67df034fffb62f3509561218d30b,206,22570,29085,6515
0x89c1b3807d4c67df034fffb62f3509561218d30b,207,22570,29085,6515
0x89c1b3807d4c67df034fffb62f3509561218d30b,208,22570,29085,6515
0x89c1b3807d4c67df034fffb62f3509561218d30b,209,124908,41769,-83139
0x89c1b3807d4c67df034fffb62f3509561218d30b,210,22546,29061,6515
0x89c1b3807d4c67df034fffb62f3509561218d30b,211,124908,41769,-83139
0x89c1b3807d4c67df034fffb62f3509561218d30b,212,22546,29061,6515
0x89c1b3807d4c67df034fffb62f3509561218d30b,213,124908,41769,-83139
0x89c1b3807d4c67df034fffb62f3509561218d30b,214,22546,29061,6515
0x89c1b3807d4c67df034fffb62f3509561218d30b,215,124908,41769,-83139
0x89c1b3807d4c67df034fffb62f3509561218d30b,216,22546,29061,6515
0x89c1b3807d4c67df034fffb62f3509561218d30b,217,124908,41769,-83139
0x89c1b3807d4c67df034fffb62f3509561218d30b,218,22546,29061,6515
0x89c1b3807d4c67df034fffb62f3509561218d30b,219,124908,41769,-83139
0x89c1b3807d4c67df034fffb62f3509561218d30b,220,22546,29061,6515
0x89c1b3807d4c67df034fffb62f3509561218d30b,221,124908,41769,-83139
0x89c1b3807d4c67df034fffb62f3509561218d30b,222,22546,29061,6515
0x89c1b3807d4c67df034fffb62f3509561218d30b,223,124908,41769,-83139
0x89c1b3807d4c67df034fffb62f3509561218d30b,224,22546,29061,6515
0x89c1b3807d4c67df034fffb62f3509561218d30b,225,124908,41769,-83139
0x89c1b3807d4c67df034fffb62f3509561218d30b,226,22546,29061,6515
0x89c1b3807d4c67df034fffb62f3509561218d30b,227,124908,41769,-83139
0x89c1b3807d4c67df034fffb62f3509561218d30b,228,22546,29061,6515
0x89c1b3807d4c67df034fffb62f3509561218d30b,229,124908,41769,-83139
0x89c1b3807d4c67df034fffb62f3509561218d30b,230,22546,29061,6515
0x89c1b3807d4c67df034fffb62f3509561218d30b,231,124908,41769,-83139
0x89c1b3807d4c67df034fffb62f3509561218d30b,232,124908,41769,-83139
0x89c1b3807d4c67df034fffb62f3509561218d30b,233,22546,29061,6515
0x89c1b3807d4c67df034fffb62f3509561218d30b,234,22546,29061,6515
0x89c1b3807d4c67df034fffb62f3509561218d30b,235,124908,41769,-83139
0x89c1b3807d4c67df034fffb62f3509561218d30b,236,22546,29061,6515
0x89c1b3807d4c67df034fffb62f3509561218d30b,237,124908,41769,-83139
0x89c1b3807d4c67df034fffb62f3509561218d30b,238,22546,29061,6515
0x89c1b3807d4c67df034fffb62f3509561218d30b,239,124908,41769,-83139
0x89c1b3807d4c67df034fffb62f3509561218d30b,240,22546,29061,6515
0x89c1b3807d4c67df034fffb62f3509561218d30b,241,124908,41769,-83139
0x89c1b3807d4c67df034fffb62f3509561218d30b,242,22546,29061,6515
0x89c1b3807d4c67df034fffb62f3509561218d30b,243,124908,41769,-83139
0x89c1b3807d4c67df034fffb62f3509561218d30b,244,22546,29061,6515
0x89c1b3807d4c67df034fffb62f3509561218d30b,245,124908,41769,-83139
0x89c1b3807d4c67df034fffb62f3509561218d30b,246,22546,29061,6515
0x89c1b3807d4c67df034fffb62f3509561218d30b,247,124908,41769,-83139
0x89c1b3807d4c67df034fffb62f3509561218d30b,248,22546,29061,6515
0x89c1b3807d4c67df034fffb62f3509561218d30b,249,124908,41769,-83139
0x89c1b3807d4c67df034fffb62f3509561218d30b,250,22546,29061,6515
0x89c1b3807d4c67df034fffb62f3509561218d30b,251,124908,41769,-83139
0x89c1b3807d4c67df034fffb62f3509561218d30b,252,22546,29061,6515
0x89c1b3807d4c67df034fffb62f3509561218d30b,253,124908,41769,-83139
0x89c1b3807d4c67df034fffb62f3509561218d30b,254,22546,29061,6515
0x89c1b3807d4c67df034fffb62f3509561218d30b,255,124908,41769,-83139
0x89c1b3807d4c67df034fffb62f3509561218d30b,256,22546,29061,6515
0x89c1b3807d4c67df034fffb62f3509561218d30b,257,124908,41769,-83139
0x89c1b3807d4c67df034fffb62f3509561218d30b,258,22546,29061,6515
0x89c1b3807d4c67df034fffb62f3509561218d30b,259,124908,41769,-83139
0x89c1b3807d4c67df034fffb62f3509561218d30b,260,22546,29061,6515
0x89c1b3807d4c67df034fffb62f3509561218d30b,261,124908,41769,-83139
0x89c1b3807d4c67df034fffb62f3509561218d30b,262,22546,29061,6515
0x89c1b3807d4c67df034fffb62f3509561218d30b,263,124908,41769,-83139
0x89c1b3807d4c67df034fffb62f3509561218d30b,264,22546,29061,6515
0x89c1b3807d4c67df034fffb62f3509561218d30b,265,124908,41769,-83139
0x89c1b3807d4c67df034fffb62f3509561218d30b,266,22546,29061,6515
0x89c1b3807d4c67df034fffb62f3509561218d30b,267,124908,41769,-83139
0x89c1b3807d4c67df034fffb62f3509561218d30b,268,22546,29061,6515
0x89c1b3807d4c67df034fffb62f3509561218d30b,count,267,267,0
0xe649E289bc2A29E3C7bEEBD187BA3ee2B0cDC759,1,56541,35394,-21147
0xe649E289bc2A29E3C7bEEBD187BA3ee2B0cDC759,14,36644,28729,-7915
0xe649E289bc2A29E3C7bEEBD187BA3ee2B0cDC759,17,21040,27761,6721
0xe649E289bc2A29E3C7bEEBD187BA3ee2B0cDC759,18,28619,28153,-466
0xe649E289bc2A29E3C7bEEBD187BA3ee2B0cDC759,count,4,10,6
0xe649E289bc2A29E3C7bEEBD187BA3ee2B0cDC759,4,missing,28293
0xe649E289bc2A29E3C7bEEBD187BA3ee2B0cDC759,5,missing,28293
0xe649E289bc2A29E3C7bEEBD187BA3ee2B0cDC759,7,missing,28293
0xe649E289bc2A29E3C7bEEBD187BA3ee2B0cDC759,10,missing,28293
0xe649E289bc2A29E3C7bEEBD187BA3ee2B0cDC759,12,missing,28293
0xe649E289bc2A29E3C7bEEBD187BA3ee2B0cDC759,15,missing,28293
0xaaabD58B6D94b21859F9Fc2B4E829f532283Cf69,1,56583,missing
0xaaabD58B6D94b21859F9Fc2B4E829f532283Cf69,2,39483,missing
0xaaabD58B6D94b21859F9Fc2B4E829f532283Cf69,3,39495,missing
0xaaabD58B6D94b21859F9Fc2B4E829f532283Cf69,4,39519,missing
0xaaabD58B6D94b21859F9Fc2B4E829f532283Cf69,6,39519,missing
0xaaabD58B6D94b21859F9Fc2B4E829f532283Cf69,7,39507,missing
0xaaabD58B6D94b21859F9Fc2B4E829f532283Cf69,10,39483,missing
0xaaabD58B6D94b21859F9Fc2B4E829f532283Cf69,11,56583,missing
0xaaabD58B6D94b21859F9Fc2B4E829f532283Cf69,count,8,0,-8
0x05aAaA829Afa407D83315cDED1d45EB16025910c,count,0,0,0
0xC1ca4E6FA2d888168a34a3429Bf186BcD9b475A0,1,46676,missing
0xC1ca4E6FA2d888168a34a3429Bf186BcD9b475A0,count,1,0,-1
0x610495793564aed0f9c7fc48dc4c7c9151d34fd6,1,43177,40061,-3116
0x610495793564aed0f9c7fc48dc4c7c9151d34fd6,3,30630,28153,-2477
0x610495793564aed0f9c7fc48dc4c7c9151d34fd6,count,2,2,0
0x74fA9AA30b1b35c8F5bDB76F079C2624FC0b6498,count,0,0,0
0x7241d179d92E86237bB460f8A19FAE369a8846a3,1,56545,missing
0x7241d179d92E86237bB460f8A19FAE369a8846a3,2,39445,missing
0x7241d179d92E86237bB460f8A19FAE369a8846a3,3,39457,missing
0x7241d179d92E86237bB460f8A19FAE369a8846a3,4,39457,missing
0x7241d179d92E86237bB460f8A19FAE369a8846a3,5,56545,missing
0x7241d179d92E86237bB460f8A19FAE369a8846a3,6,39445,missing
0x7241d179d92E86237bB460f8A19FAE369a8846a3,7,56545,missing
0x7241d179d92E86237bB460f8A19FAE369a8846a3,count,7,0,-7
0x78B7FADA55A64dD895D8c8c35779DD8b67fA8a05,count,0,0,0
0x7D227Fe3C5885c3875180E03C548D09EBE1B0119,2,56610,missing
0x7D227Fe3C5885c3875180E03C548D09EBE1B0119,3,51810,missing
0x7D227Fe3C5885c3875180E03C548D09EBE1B0119,4,56598,missing
0x7D227Fe3C5885c3875180E03C548D09EBE1B0119,5,34698,missing
0x7D227Fe3C5885c3875180E03C548D09EBE1B0119,6,56610,missing
0x7D227Fe3C5885c3875180E03C548D09EBE1B0119,7,34710,missing
0x7D227Fe3C5885c3875180E03C548D09EBE1B0119,count,6,0,-6
0xc6689EB9a6D724B8D7B1d923fFd65B7005dA1b62,1,56916,missing
0xc6689EB9a6D724B8D7B1d923fFd65B7005dA1b62,2,56892,missing
0xc6689EB9a6D724B8D7B1d923fFd65B7005dA1b62,3,56916,missing
0xc6689EB9a6D724B8D7B1d923fFd65B7005dA1b62,4,39816,missing
0xc6689EB9a6D724B8D7B1d923fFd65B7005dA1b62,5,56928,missing
0xc6689EB9a6D724B8D7B1d923fFd65B7005dA1b62,6,56916,missing
0xc6689EB9a6D724B8D7B1d923fFd65B7005dA1b62,7,56928,missing
0xc6689EB9a6D724B8D7B1d923fFd65B7005dA1b62,8,56928,missing
0xc6689EB9a6D724B8D7B1d923fFd65B7005dA1b62,10,56928,missing
0xc6689EB9a6D724B8D7B1d923fFd65B7005dA1b62,11,56916,missing
0xc6689EB9a6D724B8D7B1d923fFd65B7005dA1b62,12,56928,missing
0xc6689EB9a6D724B8D7B1d923fFd65B7005dA1b62,13,56916,missing
0xc6689EB9a6D724B8D7B1d923fFd65B7005dA1b62,14,56928,missing
0xc6689EB9a6D724B8D7B1d923fFd65B7005dA1b62,15,56928,missing
0xc6689EB9a6D724B8D7B1d923fFd65B7005dA1b62,16,56916,missing
0xc6689EB9a6D724B8D7B1d923fFd65B7005dA1b62,17,56916,missing
0xc6689EB9a6D724B8D7B1d923fFd65B7005dA1b62,18,56928,missing
0xc6689EB9a6D724B8D7B1d923fFd65B7005dA1b62,19,56916,missing
0xc6689EB9a6D724B8D7B1d923fFd65B7005dA1b62,20,56916,missing
0xc6689EB9a6D724B8D7B1d923fFd65B7005dA1b62,21,56916,missing
0xc6689EB9a6D724B8D7B1d923fFd65B7005dA1b62,22,56928,missing
0xc6689EB9a6D724B8D7B1d923fFd65B7005dA1b62,23,56916,missing
0xc6689EB9a6D724B8D7B1d923fFd65B7005dA1b62,24,56904,missing
0xc6689EB9a6D724B8D7B1d923fFd65B7005dA1b62,25,56916,missing
0xc6689EB9a6D724B8D7B1d923fFd65B7005dA1b62,26,56916,missing
0xc6689EB9a6D724B8D7B1d923fFd65B7005dA1b62,27,56916,missing
0xc6689EB9a6D724B8D7B1d923fFd65B7005dA1b62,28,56928,missing
0xc6689EB9a6D724B8D7B1d923fFd65B7005dA1b62,29,56928,missing
0xc6689EB9a6D724B8D7B1d923fFd65B7005dA1b62,30,56916,missing
0xc6689EB9a6D724B8D7B1d923fFd65B7005dA1b62,31,56916,missing
0xc6689EB9a6D724B8D7B1d923fFd65B7005dA1b62,32,56904,missing
0xc6689EB9a6D724B8D7B1d923fFd65B7005dA1b62,33,56916,missing
0xc6689EB9a6D724B8D7B1d923fFd65B7005dA1b62,34,56916,missing
0xc6689EB9a6D724B8D7B1d923fFd65B7005dA1b62,35,56916,missing
0xc6689EB9a6D724B8D7B1d923fFd65B7005dA1b62,36,56916,missing
0xc6689EB9a6D724B8D7B1d923fFd65B7005dA1b62,37,56904,missing
0xc6689EB9a6D724B8D7B1d923fFd65B7005dA1b62,38,56916,missing
0xc6689EB9a6D724B8D7B1d923fFd65B7005dA1b62,39,56916,missing
0xc6689EB9a6D724B8D7B1d923fFd65B7005dA1b62,40,56916,missing
0xc6689EB9a6D724B8D7B1d923fFd65B7005dA1b62,41,56916,missing
0xc6689EB9a6D724B8D7B1d923fFd65B7005dA1b62,42,56916,missing
0xc6689EB9a6D724B8D7B1d923fFd65B7005dA1b62,43,39816,missing
0xc6689EB9a6D724B8D7B1d923fFd65B7005dA1b62,44,52116,missing
0xc6689EB9a6D724B8D7B1d923fFd65B7005dA1b62,45,39816,missing
0xc6689EB9a6D724B8D7B1d923fFd65B7005dA1b62,46,56916,missing
0xc6689EB9a6D724B8D7B1d923fFd65B7005dA1b62,47,56916,missing
0xc6689EB9a6D724B8D7B1d923fFd65B7005dA1b62,48,56916,missing
0xc6689EB9a6D724B8D7B1d923fFd65B7005dA1b62,49,56916,missing
0xc6689EB9a6D724B8D7B1d923fFd65B7005dA1b62,50,56916,missing
0xc6689EB9a6D724B8D7B1d923fFd65B7005dA1b62,51,56916,missing
0xc6689EB9a6D724B8D7B1d923fFd65B7005dA1b62,52,56916,missing
0xc6689EB9a6D724B8D7B1d923fFd65B7005dA1b62,53,56916,missing
0xc6689EB9a6D724B8D7B1d923fFd65B7005dA1b62,54,56916,missing
0xc6689EB9a6D724B8D7B1d923fFd65B7005dA1b62,55,56916,missing
0xc6689EB9a6D724B8D7B1d923fFd65B7005dA1b62,56,39816,missing
0xc6689EB9a6D724B8D7B1d923fFd65B7005dA1b62,57,56928,missing
0xc6689EB9a6D724B8D7B1d923fFd65B7005dA1b62,58,56916,missing
0xc6689EB9a6D724B8D7B1d923fFd65B7005dA1b62,59,56928,missing
0xc6689EB9a6D724B8D7B1d923fFd65B7005dA1b62,60,56916,missing
0xc6689EB9a6D724B8D7B1d923fFd65B7005dA1b62,61,56916,missing
0xc6689EB9a6D724B8D7B1d923fFd65B7005dA1b62,62,56916,missing
0xc6689EB9a6D724B8D7B1d923fFd65B7005dA1b62,63,56916,missing
0xc6689EB9a6D724B8D7B1d923fFd65B7005dA1b62,64,56916,missing
0xc6689EB9a6D724B8D7B1d923fFd65B7005dA1b62,65,56916,missing
0xc6689EB9a6D724B8D7B1d923fFd65B7005dA1b62,66,56928,missing
0xc6689EB9a6D724B8D7B1d923fFd65B7005dA1b62,67,39816,missing
0xc6689EB9a6D724B8D7B1d923fFd65B7005dA1b62,68,56928,missing
0xc6689EB9a6D724B8D7B1d923fFd65B7005dA1b62,69,56904,missing
0xc6689EB9a6D724B8D7B1d923fFd65B7005dA1b62,70,56916,missing
0xc6689EB9a6D724B8D7B1d923fFd65B7005dA1b62,71,39816,missing
0xc6689EB9a6D724B8D7B1d923fFd65B7005dA1b62,72,56928,missing
0xc6689EB9a6D724B8D7B1d923fFd65B7005dA1b62,73,56892,missing
0xc6689EB9a6D724B8D7B1d923fFd65B7005dA1b62,74,56916,missing
0xc6689EB9a6D724B8D7B1d923fFd65B7005dA1b62,75,56904,missing
0xc6689EB9a6D724B8D7B1d923fFd65B7005dA1b62,76,56916,missing
0xc6689EB9a6D724B8D7B1d923fFd65B7005dA1b62,77,56904,missing
0xc6689EB9a6D724B8D7B1d923fFd65B7005dA1b62,78,52104,missing
0xc6689EB9a6D724B8D7B1d923fFd65B7005dA1b62,79,56916,missing
0xc6689EB9a6D724B8D7B1d923fFd65B7005dA1b62,80,56916,missing
0xc6689EB9a6D724B8D7B1d923fFd65B7005dA1b62,81,56916,missing
0xc6689EB9a6D724B8D7B1d923fFd65B7005dA1b62,82,56916,missing
0xc6689EB9a6D724B8D7B1d923fFd65B7005dA1b62,83,56892,missing
0xc6689EB9a6D724B8D7B1d923fFd65B7005dA1b62,84,39816,missing
0xc6689EB9a6D724B8D7B1d923fFd65B7005dA1b62,85,56916,missing
0xc6689EB9a6D724B8D7B1d923fFd65B7005dA1b62,86,56916,missing
0xc6689EB9a6D724B8D7B1d923fFd65B7005dA1b62,87,56892,missing
0xc6689EB9a6D724B8D7B1d923fFd65B7005dA1b62,88,56916,missing
0xc6689EB9a6D724B8D7B1d923fFd65B7005dA1b62,90,56916,missing
0xc6689EB9a6D724B8D7B1d923fFd65B7005dA1b62,91,56916,missing
0xc6689EB9a6D724B8D7B1d923fFd65B7005dA1b62,92,56916,missing
0xc6689EB9a6D724B8D7B1d923fFd65B7005dA1b62,93,56916,missing
0xc6689EB9a6D724B8D7B1d923fFd65B7005dA1b62,94,56916,missing
0xc6689EB9a6D724B8D7B1d923fFd65B7005dA1b62,95,56916,missing
0xc6689EB9a6D724B8D7B1d923fFd65B7005dA1b62,96,56916,missing
0xc6689EB9a6D724B8D7B1d923fFd65B7005dA1b62,97,56916,missing
0xc6689EB9a6D724B8D7B1d923fFd65B7005dA1b62,98,56916,missing
0xc6689EB9a6D724B8D7B1d923fFd65B7005dA1b62,99,56916,missing
0xc6689EB9a6D724B8D7B1d923fFd65B7005dA1b62,100,56916,missing
0xc6689EB9a6D724B8D7B1d923fFd65B7005dA1b62,102,56916,missing
0xc6689EB9a6D724B8D7B1d923fFd65B7005dA1b62,103,56916,missing
0xc6689EB9a6D724B8D7B1d923fFd65B7005dA1b62,104,39816,missing
0xc6689EB9a6D724B8D7B1d923fFd65B7005dA1b62,105,56916,missing
0xc6689EB9a6D724B8D7B1d923fFd65B7005dA1b62,106,56916,missing
0xc6689EB9a6D724B8D7B1d923fFd65B7005dA1b62,107,56916,missing
0xc6689EB9a6D724B8D7B1d923fFd65B7005dA1b62,108,56916,missing
0xc6689EB9a6D724B8D7B1d923fFd65B7005dA1b62,109,56916,missing
0xc6689EB9a6D724B8D7B1d923fFd65B7005dA1b62,111,56916,missing
0xc6689EB9a6D724B8D7B1d923fFd65B7005dA1b62,112,56916,missing
0xc6689EB9a6D724B8D7B1d923fFd65B7005dA1b62,113,56916,missing
0xc6689EB9a6D724B8D7B1d923fFd65B7005dA1b62,114,56904,missing
0xc6689EB9a6D724B8D7B1d923fFd65B7005dA1b62,115,56916,missing
0xc6689EB9a6D724B8D7B1d923fFd65B7005dA1b62,116,56916,missing
0xc6689EB9a6D724B8D7B1d923fFd65B7005dA1b62,117,56904,missing
0xc6689EB9a6D724B8D7B1d923fFd65B7005dA1b62,118,56916,missing
0xc6689EB9a6D724B8D7B1d923fFd65B7005dA1b62,119,56916,missing
0xc6689EB9a6D724B8D7B1d923fFd65B7005dA1b62,120,56904,missing
0xc6689EB9a6D724B8D7B1d923fFd65B7005dA1b62,121,56916,missing
0xc6689EB9a6D724B8D7B1d923fFd65B7005dA1b62,122,56904,missing
0xc6689EB9a6D724B8D7B1d923fFd65B7005dA1b62,123,56916,missing
0xc6689EB9a6D724B8D7B1d923fFd65B7005dA1b62,124,56916,missing
0xc6689EB9a6D724B8D7B1d923fFd65B7005dA1b62,125,56904,missing
0xc6689EB9a6D724B8D7B1d923fFd65B7005dA1b62,126,56916,missing
0xc6689EB9a6D724B8D7B1d923fFd65B7005dA1b62,127,39816,missing
0xc6689EB9a6D724B8D7B1d923fFd65B7005dA1b62,128,56916,missing
0xc6689EB9a6D724B8D7B1d923fFd65B7005dA1b62,129,56916,missing
0xc6689EB9a6D724B8D7B1d923fFd65B7005dA1b62,130,56916,missing
0xc6689EB9a6D724B8D7B1d923fFd65B7005dA1b62,131,56916,missing
0xc6689EB9a6D724B8D7B1d923fFd65B7005dA1b62,132,56916,missing
0xc6689EB9a6D724B8D7B1d923fFd65B7005dA1b62,133,39816,missing
0xc6689EB9a6D724B8D7B1d923fFd65B7005dA1b62,134,56916,missing
0xc6689EB9a6D724B8D7B1d923fFd65B7005dA1b62,135,56916,missing
0xc6689EB9a6D724B8D7B1d923fFd65B7005dA1b62,136,56916,missing
0xc6689EB9a6D724B8D7B1d923fFd65B7005dA1b62,137,56904,missing
0xc6689EB9a6D724B8D7B1d923fFd65B7005dA1b62,138,56916,missing
0xc6689EB9a6D724B8D7B1d923fFd65B7005dA1b62,139,56916,missing
0xc6689EB9a6D724B8D7B1d923fFd65B7005dA1b62,140,56916,missing
0xc6689EB9a6D724B8D7B1d923fFd65B7005dA1b62,141,56916,missing
0xc6689EB9a6D724B8D7B1d923fFd65B7005dA1b62,142,56916,missing
0xc6689EB9a6D724B8D7B1d923fFd65B7005dA1b62,143,56916,missing
0xc6689EB9a6D724B8D7B1d923fFd65B7005dA1b62,144,56916,missing
0xc6689EB9a6D724B8D7B1d923fFd65B7005dA1b62,145,56916,missing
0xc6689EB9a6D724B8D7B1d923fFd65B7005dA1b62,146,56904,missing
0xc6689EB9a6D724B8D7B1d923fFd65B7005dA1b62,147,56904,missing
0xc6689EB9a6D724B8D7B1d923fFd65B7005dA1b62,148,56916,missing
0xc6689EB9a6D724B8D7B1d923fFd65B7005dA1b62,149,56916,missing
0xc6689EB9a6D724B8D7B1d923fFd65B7005dA1b62,150,56916,missing
0xc6689EB9a6D724B8D7B1d923fFd65B7005dA1b62,151,56916,missing
0xc6689EB9a6D724B8D7B1d923fFd65B7005dA1b62,152,56916,missing
0xc6689EB9a6D724B8D7B1d923fFd65B7005dA1b62,153,56916,missing
0xc6689EB9a6D724B8D7B1d923fFd65B7005dA1b62,154,56916,missing
0xc6689EB9a6D724B8D7B1d923fFd65B7005dA1b62,155,56916,missing
0xc6689EB9a6D724B8D7B1d923fFd65B7005dA1b62,156,56916,missing
0xc6689EB9a6D724B8D7B1d923fFd65B7005dA1b62,157,56916,missing
0xc6689EB9a6D724B8D7B1d923fFd65B7005dA1b62,158,56916,missing
0xc6689EB9a6D724B8D7B1d923fFd65B7005dA1b62,159,56916,missing
0xc6689EB9a6D724B8D7B1d923fFd65B7005dA1b62,160,56916,missing
0xc6689EB9a6D724B8D7B1d923fFd65B7005dA1b62,161,56916,missing
0xc6689EB9a6D724B8D7B1d923fFd65B7005dA1b62,162,56916,missing
0xc6689EB9a6D724B8D7B1d923fFd65B7005dA1b62,163,56916,missing
0xc6689EB9a6D724B8D7B1d923fFd65B7005dA1b62,164,56916,missing
0xc6689EB9a6D724B8D7B1d923fFd65B7005dA1b62,165,56916,missing
0xc6689EB9a6D724B8D7B1d923fFd65B7005dA1b62,166,56916,missing
0xc6689EB9a6D724B8D7B1d923fFd65B7005dA1b62,167,56904,missing
0xc6689EB9a6D724B8D7B1d923fFd65B7005dA1b62,168,56916,missing
0xc6689EB9a6D724B8D7B1d923fFd65B7005dA1b62,169,56904,missing
0xc6689EB9a6D724B8D7B1d923fFd65B7005dA1b62,170,56916,missing
0xc6689EB9a6D724B8D7B1d923fFd65B7005dA1b62,171,56916,missing
0xc6689EB9a6D724B8D7B1d923fFd65B7005dA1b62,172,56916,missing
0xc6689EB9a6D724B8D7B1d923fFd65B7005dA1b62,174,56916,missing
0xc6689EB9a6D724B8D7B1d923fFd65B7005dA1b62,175,56892,missing
0xc6689EB9a6D724B8D7B1d923fFd65B7005dA1b62,176,52116,missing
0xc6689EB9a6D724B8D7B1d923fFd65B7005dA1b62,177,56916,missing
0xc6689EB9a6D724B8D7B1d923fFd65B7005dA1b62,179,56916,missing
0xc6689EB9a6D724B8D7B1d923fFd65B7005dA1b62,181,56916,missing
0xc6689EB9a6D724B8D7B1d923fFd65B7005dA1b62,182,56916,missing
0xc6689EB9a6D724B8D7B1d923fFd65B7005dA1b62,183,56916,missing
0xc6689EB9a6D724B8D7B1d923fFd65B7005dA1b62,185,56916,missing
0xc6689EB9a6D724B8D7B1d923fFd65B7005dA1b62,186,56916,missing
0xc6689EB9a6D724B8D7B1d923fFd65B7005dA1b62,187,56916,missing
0xc6689EB9a6D724B8D7B1d923fFd65B7005dA1b62,188,56916,missing
0xc6689EB9a6D724B8D7B1d923fFd65B7005dA1b62,189,56916,missing
0xc6689EB9a6D724B8D7B1d923fFd65B7005dA1b62,190,56916,missing
0xc6689EB9a6D724B8D7B1d923fFd65B7005dA1b62,191,56916,missing
0xc6689EB9a6D724B8D7B1d923fFd65B7005dA1b62,192,56916,missing
0xc6689EB9a6D724B8D7B1d923fFd65B7005dA1b62,193,56916,missing
0xc6689EB9a6D724B8D7B1d923fFd65B7005dA1b62,194,56916,missing
0xc6689EB9a6D724B8D7B1d923fFd65B7005dA1b62,195,56916,missing
0xc6689EB9a6D724B8D7B1d923fFd65B7005dA1b62,196,56916,missing
0xc6689EB9a6D724B8D7B1d923fFd65B7005dA1b62,197,56916,missing
0xc6689EB9a6D724B8D7B1d923fFd65B7005dA1b62,198,56916,missing
0xc6689EB9a6D724B8D7B1d923fFd65B7005dA1b62,199,56916,missing
0xc6689EB9a6D724B8D7B1d923fFd65B7005dA1b62,200,56916,missing
0xc6689EB9a6D724B8D7B1d923fFd65B7005dA1b62,201,56916,missing
0xc6689EB9a6D724B8D7B1d923fFd65B7005dA1b62,202,56916,missing
0xc6689EB9a6D724B8D7B1d923fFd65B7005dA1b62,203,56916,missing
0xc6689EB9a6D724B8D7B1d923fFd65B7005dA1b62,204,56916,missing
0xc6689EB9a6D724B8D7B1d923fFd65B7005dA1b62,205,56904,missing
0xc6689EB9a6D724B8D7B1d923fFd65B7005dA1b62,206,39816,missing
0xc6689EB9a6D724B8D7B1d923fFd65B7005dA1b62,207,39816,missing
0xc6689EB9a6D724B8D7B1d923fFd65B7005dA1b62,208,56916,missing
0xc6689EB9a6D724B8D7B1d923fFd65B7005dA1b62,209,56916,missing
0xc6689EB9a6D724B8D7B1d923fFd65B7005dA1b62,210,56916,missing
0xc6689EB9a6D724B8D7B1d923fFd65B7005dA1b62,211,39816,missing
0xc6689EB9a6D724B8D7B1d923fFd65B7005dA1b62,212,56916,missing
0xc6689EB9a6D724B8D7B1d923fFd65B7005dA1b62,213,56916,missing
0xc6689EB9a6D724B8D7B1d923fFd65B7005dA1b62,214,56916,missing
0xc6689EB9a6D724B8D7B1d923fFd65B7005dA1b62,215,56904,missing
0xc6689EB9a6D724B8D7B1d923fFd65B7005dA1b62,216,56916,missing
0xc6689EB9a6D724B8D7B1d923fFd65B7005dA1b62,217,56916,missing
0xc6689EB9a6D724B8D7B1d923fFd65B7005dA1b62,218,56916,missing
0xc6689EB9a6D724B8D7B1d923fFd65B7005dA1b62,219,56904,missing
0xc6689EB9a6D724B8D7B1d923fFd65B7005dA1b62,220,56916,missing
0xc6689EB9a6D724B8D7B1d923fFd65B7005dA1b62,221,56916,missing
0xc6689EB9a6D724B8D7B1d923fFd65B7005dA1b62,222,56916,missing
0xc6689EB9a6D724B8D7B1d923fFd65B7005dA1b62,223,56916,missing
0xc6689EB9a6D724B8D7B1d923fFd65B7005dA1b62,224,56916,missing
0xc6689EB9a6D724B8D7B1d923fFd65B7005dA1b62,225,56904,missing
0xc6689EB9a6D724B8D7B1d923fFd65B7005dA1b62,226,56916,missing
0xc6689EB9a6D724B8D7B1d923fFd65B7005dA1b62,227,56916,missing
0xc6689EB9a6D724B8D7B1d923fFd65B7005dA1b62,228,56916,missing
0xc6689EB9a6D724B8D7B1d923fFd65B7005dA1b62,229,56916,missing
0xc6689EB9a6D724B8D7B1d923fFd65B7005dA1b62,230,39816,missing
0xc6689EB9a6D724B8D7B1d923fFd65B7005dA1b62,231,39816,missing
0xc6689EB9a6D724B8D7B1d923fFd65B7005dA1b62,232,56916,missing
0xc6689EB9a6D724B8D7B1d923fFd65B7005dA1b62,233,39816,missing
0xc6689EB9a6D724B8D7B1d923fFd65B7005dA1b62,234,56916,missing
0xc6689EB9a6D724B8D7B1d923fFd65B7005dA1b62,235,56904,missing
0xc6689EB9a6D724B8D7B1d923fFd65B7005dA1b62,236,39804,missing
0xc6689EB9a6D724B8D7B1d923fFd65B7005dA1b62,237,39804,missing
0xc6689EB9a6D724B8D7B1d923fFd65B7005dA1b62,238,56916,missing
0xc6689EB9a6D724B8D7B1d923fFd65B7005dA1b62,239,56904,missing
0xc6689EB9a6D724B8D7B1d923fFd65B7005dA1b62,240,39816,missing
0xc6689EB9a6D724B8D7B1d923fFd65B7005dA1b62,241,39792,missing
0xc6689EB9a6D724B8D7B1d923fFd65B7005dA1b62,243,56916,missing
0xc6689EB9a6D724B8D7B1d923fFd65B7005dA1b62,244,56916,missing
0xc6689EB9a6D724B8D7B1d923fFd65B7005dA1b62,245,56916,missing
0xc6689EB9a6D724B8D7B1d923fFd65B7005dA1b62,246,52116,missing
0xc6689EB9a6D724B8D7B1d923fFd65B7005dA1b62,247,39792,missing
0xc6689EB9a6D724B8D7B1d923fFd65B7005dA1b62,248,56904,missing
0xc6689EB9a6D724B8D7B1d923fFd65B7005dA1b62,249,56904,missing
0xc6689EB9a6D724B8D7B1d923fFd65B7005dA1b62,250,39804,missing
0xc6689EB9a6D724B8D7B1d923fFd65B7005dA1b62,251,39804,missing
0xc6689EB9a6D724B8D7B1d923fFd65B7005dA1b62,252,56916,missing
0xc6689EB9a6D724B8D7B1d923fFd65B7005dA1b62,253,39804,missing
0xc6689EB9a6D724B8D7B1d923fFd65B7005dA1b62,254,39804,missing
0xc6689EB9a6D724B8D7B1d923fFd65B7005dA1b62,255,39804,missing
0xc6689EB9a6D724B8D7B1d923fFd65B7005dA1b62,256,56904,missing
0xc6689EB9a6D724B8D7B1d923fFd65B7005dA1b62,257,39804,missing
0xc6689EB9a6D724B8D7B1d923fFd65B7005dA1b62,258,56916,missing
0xc6689EB9a6D724B8D7B1d923fFd65B7005dA1b62,259,56916,missing
0xc6689EB9a6D724B8D7B1d923fFd65B7005dA1b62,260,56916,missing
0xc6689EB9a6D724B8D7B1d923fFd65B7005dA1b62,261,56904,missing
0xc6689EB9a6D724B8D7B1d923fFd65B7005dA1b62,262,56904,missing
0xc6689EB9a6D724B8D7B1d923fFd65B7005dA1b62,263,56904,missing
0xc6689EB9a6D724B8D7B1d923fFd65B7005dA1b62,264,39804,missing
0xc6689EB9a6D724B8D7B1d923fFd65B7005dA1b62,265,56904,missing
0xc6689EB9a6D724B8D7B1d923fFd65B7005dA1b62,266,39804,missing
0xc6689EB9a6D724B8D7B1d923fFd65B7005dA1b62,267,39804,missing
0xc6689EB9a6D724B8D7B1d923fFd65B7005dA1b62,268,56904,missing
0xc6689EB9a6D724B8D7B1d923fFd65B7005dA1b62,269,56904,missing
0xc6689EB9a6D724B8D7B1d923fFd65B7005dA1b62,271,56904,missing
0xc6689EB9a6D724B8D7B1d923fFd65B7005dA1b62,274,56904,missing
0xc6689EB9a6D724B8D7B1d923fFd65B7005dA1b62,276,56904,missing
0xc6689EB9a6D724B8D7B1d923fFd65B7005dA1b62,278,56892,missing
0xc6689EB9a6D724B8D7B1d923fFd65B7005dA1b62,280,56904,missing
0xc6689EB9a6D724B8D7B1d923fFd65B7005dA1b62,281,56904,missing
0xc6689EB9a6D724B8D7B1d923fFd65B7005dA1b62,283,56904,missing
0xc6689EB9a6D724B8D7B1d923fFd65B7005dA1b62,285,56904,missing
0xc6689EB9a6D724B8D7B1d923fFd65B7005dA1b62,287,56904,missing
0xc6689EB9a6D724B8D7B1d923fFd65B7005dA1b62,290,56904,missing
0xc6689EB9a6D724B8D7B1d923fFd65B7005dA1b62,291,56904,missing
0xc6689EB9a6D724B8D7B1d923fFd65B7005dA1b62,294,56904,missing
0xc6689EB9a6D724B8D7B1d923fFd65B7005dA1b62,296,56904,missing
0xc6689EB9a6D724B8D7B1d923fFd65B7005dA1b62,297,56904,missing
0xc6689EB9a6D724B8D7B1d923fFd65B7005dA1b62,299,56904,missing
0xc6689EB9a6D724B8D7B1d923fFd65B7005dA1b62,301,56904,missing
0xc6689EB9a6D724B8D7B1d923fFd65B7005dA1b62,302,39804,missing
0xc6689EB9a6D724B8D7B1d923fFd65B7005dA1b62,303,56904,missing
0xc6689EB9a6D724B8D7B1d923fFd65B7005dA1b62,305,56904,missing
0xc6689EB9a6D724B8D7B1d923fFd65B7005dA1b62,307,56904,missing
0xc6689EB9a6D724B8D7B1d923fFd65B7005dA1b62,309,56904,missing
0xc6689EB9a6D724B8D7B1d923fFd65B7005dA1b62,311,56904,missing
0xc6689EB9a6D724B8D7B1d923fFd65B7005dA1b62,313,56904,missing
0xc6689EB9a6D724B8D7B1d923fFd65B7005dA1b62,315,56904,missing
0xc6689EB9a6D724B8D7B1d923fFd65B7005dA1b62,317,56904,missing
0xc6689EB9a6D724B8D7B1d923fFd65B7005dA1b62,319,56904,missing
0xc6689EB9a6D724B8D7B1d923fFd65B7005dA1b62,321,56904,missing
0xc6689EB9a6D724B8D7B1d923fFd65B7005dA1b62,count,287,0,-287
0x92033cc5d60de8fc01e7d4125713e05194989e1e,count,0,0,0
0xb37f18af15bafb869a065b61fc83cfc44ed9cc27,1,43177,40061,-3116
0xb37f18af15bafb869a065b61fc83cfc44ed9cc27,2,33468,28709,-4759
0xb37f18af15bafb869a065b61fc83cfc44ed9cc27,3,33468,28709,-4759
0xb37f18af15bafb869a065b61fc83cfc44ed9cc27,count,3,3,0
0xe894d54dca59cb53fe9cbc5155093605c7068220,1,28065,30565,2500
0xe894d54dca59cb53fe9cbc5155093605c7068220,2,28053,30553,2500
0xe894d54dca59cb53fe9cbc5155093605c7068220,3,28053,30553,2500
0xe894d54dca59cb53fe9cbc5155093605c7068220,4,28053,missing
0xe894d54dca59cb53fe9cbc5155093605c7068220,5,27269,missing
0xe894d54dca59cb53fe9cbc5155093605c7068220,6,26485,missing
0xe894d54dca59cb53fe9cbc5155093605c7068220,7,28053,30553,2500
0xe894d54dca59cb53fe9cbc5155093605c7068220,count,7,4,-3
0xAc3Da587eac229C9896D919aBC235CA4Fd7f72c1,1,54181,missing
0xAc3Da587eac229C9896D919aBC235CA4Fd7f72c1,2,54181,missing
0xAc3Da587eac229C9896D919aBC235CA4Fd7f72c1,3,37093,missing
0xAc3Da587eac229C9896D919aBC235CA4Fd7f72c1,6,54193,missing
0xAc3Da587eac229C9896D919aBC235CA4Fd7f72c1,7,54181,missing
0xAc3Da587eac229C9896D919aBC235CA4Fd7f72c1,8,54169,missing
0xAc3Da587eac229C9896D919aBC235CA4Fd7f72c1,10,54181,missing
0xAc3Da587eac229C9896D919aBC235CA4Fd7f72c1,11,54181,missing
0xAc3Da587eac229C9896D919aBC235CA4Fd7f72c1,13,54181,missing
0xAc3Da587eac229C9896D919aBC235CA4Fd7f72c1,16,54169,35394,-18775
0xAc3Da587eac229C9896D919aBC235CA4Fd7f72c1,17,54169,missing
0xAc3Da587eac229C9896D919aBC235CA4Fd7f72c1,18,54169,missing
0xAc3Da587eac229C9896D919aBC235CA4Fd7f72c1,19,54169,missing
0xAc3Da587eac229C9896D919aBC235CA4Fd7f72c1,20,54169,missing
0xAc3Da587eac229C9896D919aBC235CA4Fd7f72c1,21,54169,missing
0xAc3Da587eac229C9896D919aBC235CA4Fd7f72c1,22,54157,missing
0xAc3Da587eac229C9896D919aBC235CA4Fd7f72c1,23,54157,missing
0xAc3Da587eac229C9896D919aBC235CA4Fd7f72c1,24,54157,missing
0xAc3Da587eac229C9896D919aBC235CA4Fd7f72c1,25,54145,missing
0xAc3Da587eac229C9896D919aBC235CA4Fd7f72c1,26,54157,missing
0xAc3Da587eac229C9896D919aBC235CA4Fd7f72c1,27,37057,missing
0xAc3Da587eac229C9896D919aBC235CA4Fd7f72c1,28,54133,missing
0xAc3Da587eac229C9896D919aBC235CA4Fd7f72c1,29,54157,missing
0xAc3Da587eac229C9896D919aBC235CA4Fd7f72c1,30,54157,missing
0xAc3Da587eac229C9896D919aBC235CA4Fd7f72c1,31,54169,35394,-18775
0xAc3Da587eac229C9896D919aBC235CA4Fd7f72c1,32,54157,missing
0xAc3Da587eac229C9896D919aBC235CA4Fd7f72c1,33,54169,missing
0xAc3Da587eac229C9896D919aBC235CA4Fd7f72c1,34,54157,missing
0xAc3Da587eac229C9896D919aBC235CA4Fd7f72c1,35,54157,missing
0xAc3Da587eac229C9896D919aBC235CA4Fd7f72c1,36,37069,missing
0xAc3Da587eac229C9896D919aBC235CA4Fd7f72c1,37,54169,missing
0xAc3Da587eac229C9896D919aBC235CA4Fd7f72c1,38,54157,missing
0xAc3Da587eac229C9896D919aBC235CA4Fd7f72c1,39,37069,missing
0xAc3Da587eac229C9896D919aBC235CA4Fd7f72c1,40,54169,missing
0xAc3Da587eac229C9896D919aBC235CA4Fd7f72c1,41,54157,missing
0xAc3Da587eac229C9896D919aBC235CA4Fd7f72c1,42,54157,missing
0xAc3Da587eac229C9896D919aBC235CA4Fd7f72c1,43,54157,missing
0xAc3Da587eac229C9896D919aBC235CA4Fd7f72c1,44,54157,missing
0xAc3Da587eac229C9896D919aBC235CA4Fd7f72c1,45,54157,missing
0xAc3Da587eac229C9896D919aBC235CA4Fd7f72c1,46,37045,missing
0xAc3Da587eac229C9896D919aBC235CA4Fd7f72c1,47,54145,missing
0xAc3Da587eac229C9896D919aBC235CA4Fd7f72c1,48,37057,missing
0xAc3Da587eac229C9896D919aBC235CA4Fd7f72c1,49,54157,missing
0xAc3Da587eac229C9896D919aBC235CA4Fd7f72c1,50,54157,missing
0xAc3Da587eac229C9896D919aBC235CA4Fd7f72c1,51,54169,missing
0xAc3Da587eac229C9896D919aBC235CA4Fd7f72c1,52,54169,35394,-18775
0xAc3Da587eac229C9896D919aBC235CA4Fd7f72c1,53,54169,missing
0xAc3Da587eac229C9896D919aBC235CA4Fd7f72c1,54,54169,missing
0xAc3Da587eac229C9896D919aBC235CA4Fd7f72c1,55,54157,missing
0xAc3Da587eac229C9896D919aBC235CA4Fd7f72c1,56,54157,missing
0xAc3Da587eac229C9896D919aBC235CA4Fd7f72c1,57,54157,missing
0xAc3Da587eac229C9896D919aBC235CA4Fd7f72c1,58,54157,missing
0xAc3Da587eac229C9896D919aBC235CA4Fd7f72c1,59,37057,missing
0xAc3Da587eac229C9896D919aBC235CA4Fd7f72c1,60,37057,missing
0xAc3Da587eac229C9896D919aBC235CA4Fd7f72c1,61,37057,missing
0xAc3Da587eac229C9896D919aBC235CA4Fd7f72c1,62,54157,missing
0xAc3Da587eac229C9896D919aBC235CA4Fd7f72c1,63,54169,missing
0xAc3Da587eac229C9896D919aBC235CA4Fd7f72c1,64,54169,missing
0xAc3Da587eac229C9896D919aBC235CA4Fd7f72c1,65,37069,missing
0xAc3Da587eac229C9896D919aBC235CA4Fd7f72c1,66,54157,missing
0xAc3Da587eac229C9896D919aBC235CA4Fd7f72c1,67,54157,missing
0xAc3Da587eac229C9896D919aBC235CA4Fd7f72c1,68,54169,missing
0xAc3Da587eac229C9896D919aBC235CA4Fd7f72c1,69,54169,missing
0xAc3Da587eac229C9896D919aBC235CA4Fd7f72c1,70,54157,missing
0xAc3Da587eac229C9896D919aBC235CA4Fd7f72c1,71,54157,missing
0xAc3Da587eac229C9896D919aBC235CA4Fd7f72c1,72,54157,missing
0xAc3Da587eac229C9896D919aBC235CA4Fd7f72c1,73,37057,missing
0xAc3Da587eac229C9896D919aBC235CA4Fd7f72c1,74,54157,missing
0xAc3Da587eac229C9896D919aBC235CA4Fd7f72c1,75,37069,missing
0xAc3Da587eac229C9896D919aBC235CA4Fd7f72c1,76,54157,missing
0xAc3Da587eac229C9896D919aBC235CA4Fd7f72c1,77,54157,missing
0xAc3Da587eac229C9896D919aBC235CA4Fd7f72c1,78,54169,missing
0xAc3Da587eac229C9896D919aBC235CA4Fd7f72c1,79,37057,missing
0xAc3Da587eac229C9896D919aBC235CA4Fd7f72c1,80,54157,missing
0xAc3Da587eac229C9896D919aBC235CA4Fd7f72c1,81,37057,missing
0xAc3Da587eac229C9896D919aBC235CA4Fd7f72c1,82,54169,missing
0xAc3Da587eac229C9896D919aBC235CA4Fd7f72c1,83,54157,35382,-18775
0xAc3Da587eac229C9896D919aBC235CA4Fd7f72c1,84,54157,missing
0xAc3Da587eac229C9896D919aBC235CA4Fd7f72c1,85,54157,missing
0xAc3Da587eac229C9896D919aBC235CA4Fd7f72c1,86,54169,missing
0xAc3Da587eac229C9896D919aBC235CA4Fd7f72c1,87,54169,missing
0xAc3Da587eac229C9896D919aBC235CA4Fd7f72c1,88,54169,35394,-18775
0xAc3Da587eac229C9896D919aBC235CA4Fd7f72c1,89,54157,missing
0xAc3Da587eac229C9896D919aBC235CA4Fd7f72c1,90,54169,missing
0xAc3Da587eac229C9896D919aBC235CA4Fd7f72c1,91,54157,missing
0xAc3Da587eac229C9896D919aBC235CA4Fd7f72c1,92,54145,missing
0xAc3Da587eac229C9896D919aBC235CA4Fd7f72c1,93,37069,missing
0xAc3Da587eac229C9896D919aBC235CA4Fd7f72c1,94,54169,35394,-18775
0xAc3Da587eac229C9896D919aBC235CA4Fd7f72c1,95,37069,missing
0xAc3Da587eac229C9896D919aBC235CA4Fd7f72c1,96,54157,missing
0xAc3Da587eac229C9896D919aBC235CA4Fd7f72c1,97,54157,missing
0xAc3Da587eac229C9896D919aBC235CA4Fd7f72c1,98,54157,missing
0xAc3Da587eac229C9896D919aBC235CA4Fd7f72c1,99,54157,missing
0xAc3Da587eac229C9896D919aBC235CA4Fd7f72c1,100,54169,missing
0xAc3Da587eac229C9896D919aBC235CA4Fd7f72c1,101,54157,missing
0xAc3Da587eac229C9896D919aBC235CA4Fd7f72c1,102,37057,missing
0xAc3Da587eac229C9896D919aBC235CA4Fd7f72c1,103,37057,missing
0xAc3Da587eac229C9896D919aBC235CA4Fd7f72c1,104,54169,missing
0xAc3Da587eac229C9896D919aBC235CA4Fd7f72c1,105,54169,missing
0xAc3Da587eac229C9896D919aBC235CA4Fd7f72c1,106,54169,missing
0xAc3Da587eac229C9896D919aBC235CA4Fd7f72c1,107,37069,missing
0xAc3Da587eac229C9896D919aBC235CA4Fd7f72c1,108,54157,missing
0xAc3Da587eac229C9896D919aBC235CA4Fd7f72c1,109,54169,missing
0xAc3Da587eac229C9896D919aBC235CA4Fd7f72c1,110,37069,missing
0xAc3Da587eac229C9896D919aBC235CA4Fd7f72c1,111,54169,missing
0xAc3Da587eac229C9896D919aBC235CA4Fd7f72c1,112,37069,missing
0xAc3Da587eac229C9896D919aBC235CA4Fd7f72c1,113,37057,missing
0xAc3Da587eac229C9896D919aBC235CA4Fd7f72c1,114,54169,missing
0xAc3Da587eac229C9896D919aBC235CA4Fd7f72c1,115,37069,missing
0xAc3Da587eac229C9896D919aBC235CA4Fd7f72c1,116,54169,missing
0xAc3Da587eac229C9896D919aBC235CA4Fd7f72c1,117,54157,missing
0xAc3Da587eac229C9896D919aBC235CA4Fd7f72c1,118,54157,missing
0xAc3Da587eac229C9896D919aBC235CA4Fd7f72c1,119,54157,missing
0xAc3Da587eac229C9896D919aBC235CA4Fd7f72c1,120,54169,missing
0xAc3Da587eac229C9896D919aBC235CA4Fd7f72c1,121,37057,missing
0xAc3Da587eac229C9896D919aBC235CA4Fd7f72c1,122,37069,missing
0xAc3Da587eac229C9896D919aBC235CA4Fd7f72c1,123,54169,missing
0xAc3Da587eac229C9896D919aBC235CA4Fd7f72c1,124,37057,missing
0xAc3Da587eac229C9896D919aBC235CA4Fd7f72c1,125,37057,missing
0xAc3Da587eac229C9896D919aBC235CA4Fd7f72c1,126,54145,missing
0xAc3Da587eac229C9896D919aBC235CA4Fd7f72c1,127,54157,missing
0xAc3Da587eac229C9896D919aBC235CA4Fd7f72c1,128,37069,missing
0xAc3Da587eac229C9896D919aBC235CA4Fd7f72c1,129,37069,missing
0xAc3Da587eac229C9896D919aBC235CA4Fd7f72c1,130,54169,missing
0xAc3Da587eac229C9896D919aBC235CA4Fd7f72c1,131,54157,missing
0xAc3Da587eac229C9896D919aBC235CA4Fd7f72c1,132,54169,missing
0xAc3Da587eac229C9896D919aBC235CA4Fd7f72c1,133,37057,missing
0xAc3Da587eac229C9896D919aBC235CA4Fd7f72c1,134,37057,missing
0xAc3Da587eac229C9896D919aBC235CA4Fd7f72c1,135,37069,missing
0xAc3Da587eac229C9896D919aBC235CA4Fd7f72c1,136,54169,missing
0xAc3Da587eac229C9896D919aBC235CA4Fd7f72c1,137,37057,missing
0xAc3Da587eac229C9896D919aBC235CA4Fd7f72c1,138,37057,missing
0xAc3Da587eac229C9896D919aBC235CA4Fd7f72c1,139,54169,missing
0xAc3Da587eac229C9896D919aBC235CA4Fd7f72c1,140,54169,missing
0xAc3Da587eac229C9896D919aBC235CA4Fd7f72c1,141,37069,missing
0xAc3Da587eac229C9896D919aBC235CA4Fd7f72c1,142,37069,missing
0xAc3Da587eac229C9896D919aBC235CA4Fd7f72c1,143,54169,missing
0xAc3Da587eac229C9896D919aBC235CA4Fd7f72c1,144,54169,missing
0xAc3Da587eac229C9896D919aBC235CA4Fd7f72c1,145,54169,missing
0xAc3Da587eac229C9896D919aBC235CA4Fd7f72c1,146,54169,missing
0xAc3Da587eac229C9896D919aBC235CA4Fd7f72c1,147,37057,missing
0xAc3Da587eac229C9896D919aBC235CA4Fd7f72c1,148,37057,missing
0xAc3Da587eac229C9896D919aBC235CA4Fd7f72c1,149,37069,missing
0xAc3Da587eac229C9896D919aBC235CA4Fd7f72c1,150,37069,missing
0xAc3Da587eac229C9896D919aBC235CA4Fd7f72c1,151,54169,missing
0xAc3Da587eac229C9896D919aBC235CA4Fd7f72c1,152,54169,missing
0xAc3Da587eac229C9896D919aBC235CA4Fd7f72c1,153,37045,missing
0xAc3Da587eac229C9896D919aBC235CA4Fd7f72c1,154,54169,missing
0xAc3Da587eac229C9896D919aBC235CA4Fd7f72c1,155,37069,missing
0xAc3Da587eac229C9896D919aBC235CA4Fd7f72c1,156,37069,missing
0xAc3Da587eac229C9896D919aBC235CA4Fd7f72c1,157,37069,missing
0xAc3Da587eac229C9896D919aBC235CA4Fd7f72c1,158,37069,missing
0xAc3Da587eac229C9896D919aBC235CA4Fd7f72c1,159,37069,missing
0xAc3Da587eac229C9896D919aBC235CA4Fd7f72c1,160,37069,missing
0xAc3Da587eac229C9896D919aBC235CA4Fd7f72c1,161,54169,missing
0xAc3Da587eac229C9896D919aBC235CA4Fd7f72c1,162,37069,missing
0xAc3Da587eac229C9896D919aBC235CA4Fd7f72c1,163,37069,missing
0xAc3Da587eac229C9896D919aBC235CA4Fd7f72c1,164,37069,missing
0xAc3Da587eac229C9896D919aBC235CA4Fd7f72c1,165,37069,missing
0xAc3Da587eac229C9896D919aBC235CA4Fd7f72c1,166,54169,missing
0xAc3Da587eac229C9896D919aBC235CA4Fd7f72c1,167,54169,missing
0xAc3Da587eac229C9896D919aBC235CA4Fd7f72c1,168,54169,missing
0xAc3Da587eac229C9896D919aBC235CA4Fd7f72c1,169,37069,missing
0xAc3Da587eac229C9896D919aBC235CA4Fd7f72c1,170,37057,missing
0xAc3Da587eac229C9896D919aBC235CA4Fd7f72c1,171,37069,missing
0xAc3Da587eac229C9896D919aBC235CA4Fd7f72c1,172,54157,missing
0xAc3Da587eac229C9896D919aBC235CA4Fd7f72c1,173,37057,missing
0xAc3Da587eac229C9896D919aBC235CA4Fd7f72c1,174,37069,missing
0xAc3Da587eac229C9896D919aBC235CA4Fd7f72c1,175,37069,missing
0xAc3Da587eac229C9896D919aBC235CA4Fd7f72c1,176,37069,35394,-1675
0xAc3Da587eac229C9896D919aBC235CA4Fd7f72c1,177,37069,missing
0xAc3Da587eac229C9896D919aBC235CA4Fd7f72c1,178,54169,missing
0xAc3Da587eac229C9896D919aBC235CA4Fd7f72c1,179,37069,missing
0xAc3Da587eac229C9896D919aBC235CA4Fd7f72c1,180,37069,missing
0xAc3Da587eac229C9896D919aBC235CA4Fd7f72c1,181,54169,missing
0xAc3Da587eac229C9896D919aBC235CA4Fd7f72c1,182,54169,missing
0xAc3Da587eac229C9896D919aBC235CA4Fd7f72c1,183,37069,missing
0xAc3Da587eac229C9896D919aBC235CA4Fd7f72c1,184,37069,missing
0xAc3Da587eac229C9896D919aBC235CA4Fd7f72c1,185,37069,missing
0xAc3Da587eac229C9896D919aBC235CA4Fd7f72c1,186,37069,missing
0xAc3Da587eac229C9896D919aBC235CA4Fd7f72c1,187,37057,missing
0xAc3Da587eac229C9896D919aBC235CA4Fd7f72c1,188,37069,missing
0xAc3Da587eac229C9896D919aBC235CA4Fd7f72c1,189,37069,missing
0xAc3Da587eac229C9896D919aBC235CA4Fd7f72c1,190,54169,missing
0xAc3Da587eac229C9896D919aBC235CA4Fd7f72c1,191,54169,missing
0xAc3Da587eac229C9896D919aBC235CA4Fd7f72c1,192,37069,missing
0xAc3Da587eac229C9896D919aBC235CA4Fd7f72c1,193,37069,missing
0xAc3Da587eac229C9896D919aBC235CA4Fd7f72c1,194,49369,missing
0xAc3Da587eac229C9896D919aBC235CA4Fd7f72c1,195,37069,missing
0xAc3Da587eac229C9896D919aBC235CA4Fd7f72c1,196,54169,missing
0xAc3Da587eac229C9896D919aBC235CA4Fd7f72c1,197,37069,missing
0xAc3Da587eac229C9896D919aBC235CA4Fd7f72c1,198,37069,missing
0xAc3Da587eac229C9896D919aBC235CA4Fd7f72c1,199,37069,missing
0xAc3Da587eac229C9896D919aBC235CA4Fd7f72c1,200,54169,missing
0xAc3Da587eac229C9896D919aBC235CA4Fd7f72c1,201,37069,missing
0xAc3Da587eac229C9896D919aBC235CA4Fd7f72c1,202,37069,missing
0xAc3Da587eac229C9896D919aBC235CA4Fd7f72c1,203,37069,35394,-1675
0xAc3Da587eac229C9896D919aBC235CA4Fd7f72c1,204,54169,missing
0xAc3Da587eac229C9896D919aBC235CA4Fd7f72c1,205,37069,missing
0xAc3Da587eac229C9896D919aBC235CA4Fd7f72c1,206,37069,missing
0xAc3Da587eac229C9896D919aBC235CA4Fd7f72c1,207,37069,35394,-1675
0xAc3Da587eac229C9896D919aBC235CA4Fd7f72c1,208,37069,missing
0xAc3Da587eac229C9896D919aBC235CA4Fd7f72c1,209,37069,missing
0xAc3Da587eac229C9896D919aBC235CA4Fd7f72c1,210,37069,missing
0xAc3Da587eac229C9896D919aBC235CA4Fd7f72c1,211,54169,missing
0xAc3Da587eac229C9896D919aBC235CA4Fd7f72c1,212,37045,missing
0xAc3Da587eac229C9896D919aBC235CA4Fd7f72c1,213,37069,35394,-1675
0xAc3Da587eac229C9896D919aBC235CA4Fd7f72c1,214,37069,missing
0xAc3Da587eac229C9896D919aBC235CA4Fd7f72c1,215,37069,missing
0xAc3Da587eac229C9896D919aBC235CA4Fd7f72c1,216,37069,missing
0xAc3Da587eac229C9896D919aBC235CA4Fd7f72c1,217,37069,missing
0xAc3Da587eac229C9896D919aBC235CA4Fd7f72c1,218,37069,missing
0xAc3Da587eac229C9896D919aBC235CA4Fd7f72c1,219,37069,missing
0xAc3Da587eac229C9896D919aBC235CA4Fd7f72c1,220,37069,missing
0xAc3Da587eac229C9896D919aBC235CA4Fd7f72c1,221,37069,missing
0xAc3Da587eac229C9896D919aBC235CA4Fd7f72c1,222,37069,missing
0xAc3Da587eac229C9896D919aBC235CA4Fd7f72c1,223,37069,missing
0xAc3Da587eac229C9896D919aBC235CA4Fd7f72c1,224,37069,missing
0xAc3Da587eac229C9896D919aBC235CA4Fd7f72c1,225,54169,missing
0xAc3Da587eac229C9896D919aBC235CA4Fd7f72c1,226,54169,missing
0xAc3Da587eac229C9896D919aBC235CA4Fd7f72c1,227,37069,missing
0xAc3Da587eac229C9896D919aBC235CA4Fd7f72c1,228,54169,missing
0xAc3Da587eac229C9896D919aBC235CA4Fd7f72c1,229,37069,missing
0xAc3Da587eac229C9896D919aBC235CA4Fd7f72c1,230,54157,missing
0xAc3Da587eac229C9896D919aBC235CA4Fd7f72c1,231,37069,missing
0xAc3Da587eac229C9896D919aBC235CA4Fd7f72c1,232,54169,missing
0xAc3Da587eac229C9896D919aBC235CA4Fd7f72c1,233,54169,missing
0xAc3Da587eac229C9896D919aBC235CA4Fd7f72c1,234,54169,missing
0xAc3Da587eac229C9896D919aBC235CA4Fd7f72c1,235,37069,missing
0xAc3Da587eac229C9896D919aBC235CA4Fd7f72c1,236,37057,missing
0xAc3Da587eac229C9896D919aBC235CA4Fd7f72c1,237,37069,missing
0xAc3Da587eac229C9896D919aBC235CA4Fd7f72c1,238,37069,missing
0xAc3Da587eac229C9896D919aBC235CA4Fd7f72c1,239,37069,missing
0xAc3Da587eac229C9896D919aBC235CA4Fd7f72c1,240,37069,missing
0xAc3Da587eac229C9896D919aBC235CA4Fd7f72c1,241,37069,missing
0xAc3Da587eac229C9896D919aBC235CA4Fd7f72c1,242,49369,missing
0xAc3Da587eac229C9896D919aBC235CA4Fd7f72c1,243,54181,missing
0xAc3Da587eac229C9896D919aBC235CA4Fd7f72c1,244,54169,missing
0xAc3Da587eac229C9896D919aBC235CA4Fd7f72c1,245,54181,missing
0xAc3Da587eac229C9896D919aBC235CA4Fd7f72c1,246,54181,missing
0xAc3Da587eac229C9896D919aBC235CA4Fd7f72c1,247,54169,missing
0xAc3Da587eac229C9896D919aBC235CA4Fd7f72c1,248,54157,missing
0xAc3Da587eac229C9896D919aBC235CA4Fd7f72c1,249,54181,missing
0xAc3Da587eac229C9896D919aBC235CA4Fd7f72c1,250,54169,missing
0xAc3Da587eac229C9896D919aBC235CA4Fd7f72c1,251,54157,missing
0xAc3Da587eac229C9896D919aBC235CA4Fd7f72c1,252,37069,missing
0xAc3Da587eac229C9896D919aBC235CA4Fd7f72c1,253,54169,missing
0xAc3Da587eac229C9896D919aBC235CA4Fd7f72c1,254,54181,missing
0xAc3Da587eac229C9896D919aBC235CA4Fd7f72c1,255,54169,missing
0xAc3Da587eac229C9896D919aBC235CA4Fd7f72c1,256,54169,missing
0xAc3Da587eac229C9896D919aBC235CA4Fd7f72c1,257,37069,missing
0xAc3Da587eac229C9896D919aBC235CA4Fd7f72c1,258,54169,missing
0xAc3Da587eac229C9896D919aBC235CA4Fd7f72c1,259,54169,missing
0xAc3Da587eac229C9896D919aBC235CA4Fd7f72c1,260,54169,missing
0xAc3Da587eac229C9896D919aBC235CA4Fd7f72c1,261,54169,missing
0xAc3Da587eac229C9896D919aBC235CA4Fd7f72c1,262,54169,missing
0xAc3Da587eac229C9896D919aBC235CA4Fd7f72c1,264,54169,missing
0xAc3Da587eac229C9896D919aBC235CA4Fd7f72c1,265,54169,missing
0xAc3Da587eac229C9896D919aBC235CA4Fd7f72c1,266,37081,missing
0xAc3Da587eac229C9896D919aBC235CA4Fd7f72c1,267,54181,missing
0xAc3Da587eac229C9896D919aBC235CA4Fd7f72c1,268,54169,missing
0xAc3Da587eac229C9896D919aBC235CA4Fd7f72c1,269,37081,missing
0xAc3Da587eac229C9896D919aBC235CA4Fd7f72c1,270,54169,missing
0xAc3Da587eac229C9896D919aBC235CA4Fd7f72c1,271,37069,missing
0xAc3Da587eac229C9896D919aBC235CA4Fd7f72c1,272,54169,missing
0xAc3Da587eac229C9896D919aBC235CA4Fd7f72c1,273,54181,missing
0xAc3Da587eac229C9896D919aBC235CA4Fd7f72c1,274,54181,missing
0xAc3Da587eac229C9896D919aBC235CA4Fd7f72c1,275,54181,missing
0xAc3Da587eac229C9896D919aBC235CA4Fd7f72c1,276,54169,missing
0xAc3Da587eac229C9896D919aBC235CA4Fd7f72c1,277,54169,missing
0xAc3Da587eac229C9896D919aBC235CA4Fd7f72c1,278,54169,missing
0xAc3Da587eac229C9896D919aBC235CA4Fd7f72c1,279,54169,missing
0xAc3Da587eac229C9896D919aBC235CA4Fd7f72c1,280,54181,missing
0xAc3Da587eac229C9896D919aBC235CA4Fd7f72c1,281,37081,missing
0xAc3Da587eac229C9896D919aBC235CA4Fd7f72c1,282,37069,missing
0xAc3Da587eac229C9896D919aBC235CA4Fd7f72c1,283,54169,missing
0xAc3Da587eac229C9896D919aBC235CA4Fd7f72c1,284,54169,missing
0xAc3Da587eac229C9896D919aBC235CA4Fd7f72c1,285,54157,missing
0xAc3Da587eac229C9896D919aBC235CA4Fd7f72c1,286,37057,missing
0xAc3Da587eac229C9896D919aBC235CA4Fd7f72c1,287,54169,missing
0xAc3Da587eac229C9896D919aBC235CA4Fd7f72c1,288,37069,missing
0xAc3Da587eac229C9896D919aBC235CA4Fd7f72c1,289,37069,missing
0xAc3Da587eac229C9896D919aBC235CA4Fd7f72c1,290,37069,missing
0xAc3Da587eac229C9896D919aBC235CA4Fd7f72c1,291,37069,missing
0xAc3Da587eac229C9896D919aBC235CA4Fd7f72c1,292,37069,missing
0xAc3Da587eac229C9896D919aBC235CA4Fd7f72c1,293,37069,missing
0xAc3Da587eac229C9896D919aBC235CA4Fd7f72c1,294,54169,missing
0xAc3Da587eac229C9896D919aBC235CA4Fd7f72c1,295,37057,missing
0xAc3Da587eac229C9896D919aBC235CA4Fd7f72c1,296,54169,missing
0xAc3Da587eac229C9896D919aBC235CA4Fd7f72c1,297,54157,missing
0xAc3Da587eac229C9896D919aBC235CA4Fd7f72c1,298,54169,missing
0xAc3Da587eac229C9896D919aBC235CA4Fd7f72c1,299,37069,missing
0xAc3Da587eac229C9896D919aBC235CA4Fd7f72c1,300,37069,missing
0xAc3Da587eac229C9896D919aBC235CA4Fd7f72c1,301,37057,missing
0xAc3Da587eac229C9896D919aBC235CA4Fd7f72c1,302,54169,missing
0xAc3Da587eac229C9896D919aBC235CA4Fd7f72c1,303,54169,missing
0xAc3Da587eac229C9896D919aBC235CA4Fd7f72c1,304,54169,missing
0xAc3Da587eac229C9896D919aBC235CA4Fd7f72c1,305,37069,missing
0xAc3Da587eac229C9896D919aBC235CA4Fd7f72c1,306,54157,missing
0xAc3Da587eac229C9896D919aBC235CA4Fd7f72c1,307,37057,missing
0xAc3Da587eac229C9896D919aBC235CA4Fd7f72c1,308,54157,missing
0xAc3Da587eac229C9896D919aBC235CA4Fd7f72c1,309,37069,missing
0xAc3Da587eac229C9896D919aBC235CA4Fd7f72c1,310,37069,missing
0xAc3Da587eac229C9896D919aBC235CA4Fd7f72c1,311,54169,missing
0xAc3Da587eac229C9896D919aBC235CA4Fd7f72c1,312,54169,missing
0xAc3Da587eac229C9896D919aBC235CA4Fd7f72c1,313,54157,missing
0xAc3Da587eac229C9896D919aBC235CA4Fd7f72c1,314,54157,missing
0xAc3Da587eac229C9896D919aBC235CA4Fd7f72c1,315,37069,missing
0xAc3Da587eac229C9896D919aBC235CA4Fd7f72c1,316,37069,missing
0xAc3Da587eac229C9896D919aBC235CA4Fd7f72c1,317,54169,missing
0xAc3Da587eac229C9896D919aBC235CA4Fd7f72c1,318,37069,missing
0xAc3Da587eac229C9896D919aBC235CA4Fd7f72c1,319,54169,missing
0xAc3Da587eac229C9896D919aBC235CA4Fd7f72c1,320,54169,missing
0xAc3Da587eac229C9896D919aBC235CA4Fd7f72c1,321,54157,missing
0xAc3Da587eac229C9896D919aBC235CA4Fd7f72c1,322,37069,missing
0xAc3Da587eac229C9896D919aBC235CA4Fd7f72c1,323,54157,missing
0xAc3Da587eac229C9896D919aBC235CA4Fd7f72c1,324,54169,missing
0xAc3Da587eac229C9896D919aBC235CA4Fd7f72c1,325,37069,missing
0xAc3Da587eac229C9896D919aBC235CA4Fd7f72c1,326,37057,missing
0xAc3Da587eac229C9896D919aBC235CA4Fd7f72c1,327,37069,missing
0xAc3Da587eac229C9896D919aBC235CA4Fd7f72c1,328,37069,missing
0xAc3Da587eac229C9896D919aBC235CA4Fd7f72c1,329,37069,missing
0xAc3Da587eac229C9896D919aBC235CA4Fd7f72c1,330,37069,missing
0xAc3Da587eac229C9896D919aBC235CA4Fd7f72c1,331,37069,missing
0xAc3Da587eac229C9896D919aBC235CA4Fd7f72c1,332,54169,missing
0xAc3Da587eac229C9896D919aBC235CA4Fd7f72c1,333,54157,missing
0xAc3Da587eac229C9896D919aBC235CA4Fd7f72c1,count,326,11,-315
0xAc3Da587eac229C9896D919aBC235CA4Fd7f72c1,14,missing,40061
0x663e4229142a27f00bafb5d087e1e730648314c3,count,0,112,112
0x663e4229142a27f00bafb5d087e1e730648314c3,1,missing,28153
0x663e4229142a27f00bafb5d087e1e730648314c3,2,missing,28521
0x663e4229142a27f00bafb5d087e1e730648314c3,6,missing,28153
0x663e4229142a27f00bafb5d087e1e730648314c3,57,missing,40733
0x663e4229142a27f00bafb5d087e1e730648314c3,58,missing,40733
0x663e4229142a27f00bafb5d087e1e730648314c3,59,missing,40733
0x663e4229142a27f00bafb5d087e1e730648314c3,60,missing,40733
0x663e4229142a27f00bafb5d087e1e730648314c3,61,missing,40733
0x663e4229142a27f00bafb5d087e1e730648314c3,62,missing,40733
0x663e4229142a27f00bafb5d087e1e730648314c3,63,missing,40733
0x663e4229142a27f00bafb5d087e1e730648314c3,64,missing,40733
0x663e4229142a27f00bafb5d087e1e730648314c3,65,missing,40733
0x663e4229142a27f00bafb5d087e1e730648314c3,66,missing,40733
0x663e4229142a27f00bafb5d087e1e730648314c3,67,missing,40733
0x663e4229142a27f00bafb5d087e1e730648314c3,68,missing,40733
0x663e4229142a27f00bafb5d087e1e730648314c3,69,missing,40733
0x663e4229142a27f00bafb5d087e1e730648314c3,70,missing,40733
0x663e4229142a27f00bafb5d087e1e730648314c3,71,missing,40733
0x663e4229142a27f00bafb5d087e1e730648314c3,72,missing,40733
0x663e4229142a27f00bafb5d087e1e730648314c3,73,missing,40733
0x663e4229142a27f00bafb5d087e1e730648314c3,74,missing,40733
0x663e4229142a27f00bafb5d087e1e730648314c3,75,missing,40733
0x663e4229142a27f00bafb5d087e1e730648314c3,76,missing,40733
0x663e4229142a27f00bafb5d087e1e730648314c3,77,missing,40733
0x663e4229142a27f00bafb5d087e1e730648314c3,78,missing,40733
0x663e4229142a27f00bafb5d087e1e730648314c3,79,missing,40733
0x663e4229142a27f00bafb5d087e1e730648314c3,142,missing,28293
0x663e4229142a27f00bafb5d087e1e730648314c3,143,missing,28293
0x663e4229142a27f00bafb5d087e1e730648314c3,149,missing,40733
0x663e4229142a27f00bafb5d087e1e730648314c3,150,missing,40733
0x663e4229142a27f00bafb5d087e1e730648314c3,151,missing,40733
0x663e4229142a27f00bafb5d087e1e730648314c3,152,missing,40733
0x663e4229142a27f00bafb5d087e1e730648314c3,153,missing,40733
0x663e4229142a27f00bafb5d087e1e730648314c3,154,missing,40733
0x663e4229142a27f00bafb5d087e1e730648314c3,155,missing,40733
0x663e4229142a27f00bafb5d087e1e730648314c3,156,missing,40733
0x663e4229142a27f00bafb5d087e1e730648314c3,157,missing,40733
0x663e4229142a27f00bafb5d087e1e730648314c3,158,missing,40733
0x663e4229142a27f00bafb5d087e1e730648314c3,159,missing,40733
0x663e4229142a27f00bafb5d087e1e730648314c3,160,missing,40733
0x663e4229142a27f00bafb5d087e1e730648314c3,161,missing,40733
0x663e4229142a27f00bafb5d087e1e730648314c3,162,missing,40733
0x663e4229142a27f00bafb5d087e1e730648314c3,163,missing,40733
0x663e4229142a27f00bafb5d087e1e730648314c3,164,missing,40733
0x663e4229142a27f00bafb5d087e1e730648314c3,165,missing,40733
0x663e4229142a27f00bafb5d087e1e730648314c3,166,missing,40733
0x663e4229142a27f00bafb5d087e1e730648314c3,167,missing,40733
0x663e4229142a27f00bafb5d087e1e730648314c3,168,missing,40733
0x663e4229142a27f00bafb5d087e1e730648314c3,169,missing,40733
0x663e4229142a27f00bafb5d087e1e730648314c3,170,missing,40733
0x663e4229142a27f00bafb5d087e1e730648314c3,171,missing,40733
0x663e4229142a27f00bafb5d087e1e730648314c3,172,missing,28293
0x663e4229142a27f00bafb5d087e1e730648314c3,173,missing,28293
0x663e4229142a27f00bafb5d087e1e730648314c3,174,missing,28293
0x663e4229142a27f00bafb5d087e1e730648314c3,175,missing,28293
0x663e4229142a27f00bafb5d087e1e730648314c3,176,missing,28293
0x663e4229142a27f00bafb5d087e1e730648314c3,177,missing,28293
0x663e4229142a27f00bafb5d087e1e730648314c3,178,missing,28293
0x663e4229142a27f00bafb5d087e1e730648314c3,179,missing,28293
0x663e4229142a27f00bafb5d087e1e730648314c3,181,missing,28293
0x663e4229142a27f00bafb5d087e1e730648314c3,182,missing,28293
0x663e4229142a27f00bafb5d087e1e730648314c3,183,missing,28293
0x663e4229142a27f00bafb5d087e1e730648314c3,184,missing,28293
0x663e4229142a27f00bafb5d087e1e730648314c3,186,missing,28293
0x663e4229142a27f00bafb5d087e1e730648314c3,187,missing,28293
0x663e4229142a27f00bafb5d087e1e730648314c3,191,missing,28293
0x663e4229142a27f00bafb5d087e1e730648314c3,193,missing,28293
0x663e4229142a27f00bafb5d087e1e730648314c3,203,missing,28293
0x663e4229142a27f00bafb5d087e1e730648314c3,206,missing,28293
0x663e4229142a27f00bafb5d087e1e730648314c3,248,missing,28293
0x663e4229142a27f00bafb5d087e1e730648314c3,255,missing,40733
0x663e4229142a27f00bafb5d087e1e730648314c3,256,missing,40733
0x663e4229142a27f00bafb5d087e1e730648314c3,257,missing,40733
0x663e4229142a27f00bafb5d087e1e730648314c3,258,missing,40733
0x663e4229142a27f00bafb5d087e1e730648314c3,259,missing,40733
0x663e4229142a27f00bafb5d087e1e730648314c3,260,missing,40733
0x663e4229142a27f00bafb5d087e1e730648314c3,261,missing,40733
0x663e4229142a27f00bafb5d087e1e730648314c3,262,missing,40733
0x663e4229142a27f00bafb5d087e1e730648314c3,263,missing,40733
0x663e4229142a27f00bafb5d087e1e730648314c3,264,missing,40733
0x663e4229142a27f00bafb5d087e1e730648314c3,265,missing,40733
0x663e4229142a27f00bafb5d087e1e730648314c3,266,missing,40733
0x663e4229142a27f00bafb5d087e1e730648314c3,267,missing,40733
0x663e4229142a27f00bafb5d087e1e730648314c3,268,missing,40733
0x663e4229142a27f00bafb5d087e1e730648314c3,269,missing,40733
0x663e4229142a27f00bafb5d087e1e730648314c3,270,missing,40733
0x663e4229142a27f00bafb5d087e1e730648314c3,271,missing,40733
0x663e4229142a27f00bafb5d087e1e730648314c3,272,missing,40733
0x663e4229142a27f00bafb5d087e1e730648314c3,273,missing,40733
0x663e4229142a27f00bafb5d087e1e730648314c3,274,missing,40733
0x663e4229142a27f00bafb5d087e1e730648314c3,275,missing,40733
0x663e4229142a27f00bafb5d087e1e730648314c3,276,missing,40733
0x663e4229142a27f00bafb5d087e1e730648314c3,277,missing,40733
0x663e4229142a27f00bafb5d087e1e730648314c3,278,missing,28293
0x663e4229142a27f00bafb5d087e1e730648314c3,280,missing,28293
0x663e4229142a27f00bafb5d087e1e730648314c3,281,missing,28293
0x663e4229142a27f00bafb5d087e1e730648314c3,282,missing,28293
0x663e4229142a27f00bafb5d087e1e730648314c3,283,missing,28293
0x663e4229142a27f00bafb5d087e1e730648314c3,286,missing,28293
0x663e4229142a27f00bafb5d087e1e730648314c3,287,missing,28293
0x663e4229142a27f00bafb5d087e1e730648314c3,288,missing,28293
0x663e4229142a27f00bafb5d087e1e730648314c3,294,missing,28293
0x663e4229142a27f00bafb5d087e1e730648314c3,296,missing,28833
0x663e4229142a27f00bafb5d087e1e730648314c3,298,missing,28293
0x663e4229142a27f00bafb5d087e1e730648314c3,302,missing,28293
0x663e4229142a27f00bafb5d087e1e730648314c3,312,missing,28293
0x663e4229142a27f00bafb5d087e1e730648314c3,314,missing,28293
0x663e4229142a27f00bafb5d087e1e730648314c3,317,missing,28293
0x663e4229142a27f00bafb5d087e1e730648314c3,319,missing,28293
0x663e4229142a27f00bafb5d087e1e730648314c3,320,missing,28293
0x663e4229142a27f00bafb5d087e1e730648314c3,327,missing,28293
0x663e4229142a27f00bafb5d087e1e730648314c3,335,missing,28293
0x0cbe050f75bc8f8c2d6c0d249fea125fd6e1acc9,1,24282,28521,4239
0x0cbe050f75bc8f8c2d6c0d249fea125fd6e1acc9,2,24282,28521,4239
0x0cbe050f75bc8f8c2d6c0d249fea125fd6e1acc9,3,24282,28521,4239
0x0cbe050f75bc8f8c2d6c0d249fea125fd6e1acc9,4,24282,28521,4239
0x0cbe050f75bc8f8c2d6c0d249fea125fd6e1acc9,5,24282,28521,4239
0x0cbe050f75bc8f8c2d6c0d249fea125fd6e1acc9,6,24282,28521,4239
0x0cbe050f75bc8f8c2d6c0d249fea125fd6e1acc9,count,6,6,0
0x6459fe2c8d7c26c0011772310d8ca0f570f1d667,count,0,0,0
0x95C9C35678C0B54008b1E3A2B0eA1730Fa7dBd06,1,52776,missing
0x95C9C35678C0B54008b1E3A2B0eA1730Fa7dBd06,count,1,0,-1
0xbe4041d55db380c5ae9d4a9b9703f1ed4e7e3888,1,45841,28353,-17488
0xbe4041d55db380c5ae9d4a9b9703f1ed4e7e3888,2,44002,28521,-15481
0xbe4041d55db380c5ae9d4a9b9703f1ed4e7e3888,3,26358,28153,1795
0xbe4041d55db380c5ae9d4a9b9703f1ed4e7e3888,5,23558,28153,4595
0xbe4041d55db380c5ae9d4a9b9703f1ed4e7e3888,6,25854,28377,2523
0xbe4041d55db380c5ae9d4a9b9703f1ed4e7e3888,count,5,6,1
0xbe4041d55db380c5ae9d4a9b9703f1ed4e7e3888,4,missing,40581
0xFf1560afEF58be59b11C72734ad1d89db63e4E71,1,37984,28661,-9323
0xFf1560afEF58be59b11C72734ad1d89db63e4E71,2,30733,28281,-2452
0xFf1560afEF58be59b11C72734ad1d89db63e4E71,3,51942,35406,-16536
0xFf1560afEF58be59b11C72734ad1d89db63e4E71,count,3,3,0
0x9A7069c319E0052e071fcB437c8AA3343555dadC,1,56519,missing
0x9A7069c319E0052e071fcB437c8AA3343555dadC,2,56507,missing
0x9A7069c319E0052e071fcB437c8AA3343555dadC,count,2,0,-2
0xa46edd6a9a93feec36576ee5048146870ea2c3ae,1,27745,30489,2744
0xa46edd6a9a93feec36576ee5048146870ea2c3ae,2,27745,30489,2744
0xa46edd6a9a93feec36576ee5048146870ea2c3ae,3,27721,30465,2744
0xa46edd6a9a93feec36576ee5048146870ea2c3ae,4,27745,30489,2744
0xa46edd6a9a93feec36576ee5048146870ea2c3ae,5,27721,30465,2744
0xa46edd6a9a93feec36576ee5048146870ea2c3ae,6,29667,31445,1778
0xa46edd6a9a93feec36576ee5048146870ea2c3ae,7,29715,31493,1778
0xa46edd6a9a93feec36576ee5048146870ea2c3ae,count,7,7,0
0xf29ebe930a539a60279ace72c707cba851a57707,1,57988,40453,-17535
0xf29ebe930a539a60279ace72c707cba851a57707,2,26288,28153,1865
0xf29ebe930a539a60279ace72c707cba851a57707,count,2,2,0
0x5aa88d2901c68fda244f1d0584400368d2c8e739,1,21040,40061,19021
0x5aa88d2901c68fda244f1d0584400368d2c8e739,2,21738,40821,19083
0x5aa88d2901c68fda244f1d0584400368d2c8e739,3,30516,28153,-2363
0x5aa88d2901c68fda244f1d0584400368d2c8e739,count,3,3,0
0x524A1407223446e3BAb8819ABb3fb8348C29afEc,count,0,0,0
0x524960d55174d912768678d8c606b4d50b79d7b1,1,24391,missing
0x524960d55174d912768678d8c606b4d50b79d7b1,count,1,0,-1
0x627fa62ccbb1c1b04ffaecd72a53e37fc0e17839,1,45599,28153,-17446
0x627fa62ccbb1c1b04ffaecd72a53e37fc0e17839,2,23189,40061,16872
0x627fa62ccbb1c1b04ffaecd72a53e37fc0e17839,4,28499,28153,-346
0x627fa62ccbb1c1b04ffaecd72a53e37fc0e17839,6,45651,40453,-5198
0x627fa62ccbb1c1b04ffaecd72a53e37fc0e17839,7,36419,28745,-7674
0x627fa62ccbb1c1b04ffaecd72a53e37fc0e17839,count,5,5,0
0x84d9ec85c9c568eb332b7226a8f826d897e0a4a8,1,206125,30297,-175828
0x84d9ec85c9c568eb332b7226a8f826d897e0a4a8,2,189097,30369,-158728
0x84d9ec85c9c568eb332b7226a8f826d897e0a4a8,count,2,2,0
0x294eE9f35988aF1ce361409Cee4251a293D21f5c,1,56610,missing
0x294eE9f35988aF1ce361409Cee4251a293D21f5c,2,44279,27161,-17118
0x294eE9f35988aF1ce361409Cee4251a293D21f5c,3,24379,24361,-18
0x294eE9f35988aF1ce361409Cee4251a293D21f5c,4,27191,27173,-18
0x294eE9f35988aF1ce361409Cee4251a293D21f5c,5,44291,missing
0x294eE9f35988aF1ce361409Cee4251a293D21f5c,6,27191,missing
0x294eE9f35988aF1ce361409Cee4251a293D21f5c,7,56598,missing
0x294eE9f35988aF1ce361409Cee4251a293D21f5c,8,24391,missing
0x294eE9f35988aF1ce361409Cee4251a293D21f5c,9,27191,missing
0x294eE9f35988aF1ce361409Cee4251a293D21f5c,10,56610,missing
0x294eE9f35988aF1ce361409Cee4251a293D21f5c,11,56610,missing
0x294eE9f35988aF1ce361409Cee4251a293D21f5c,12,39510,missing
0x294eE9f35988aF1ce361409Cee4251a293D21f5c,13,56610,missing
0x294eE9f35988aF1ce361409Cee4251a293D21f5c,14,56610,missing
0x294eE9f35988aF1ce361409Cee4251a293D21f5c,15,56610,missing
0x294eE9f35988aF1ce361409Cee4251a293D21f5c,16,56610,missing
0x294eE9f35988aF1ce361409Cee4251a293D21f5c,count,16,3,-13
0xB939C757bdFC75E28E1ae2b8c1a4640180B6087E,1,53403,missing
0xB939C757bdFC75E28E1ae2b8c1a4640180B6087E,2,53403,missing
0xB939C757bdFC75E28E1ae2b8c1a4640180B6087E,3,53403,missing
0xB939C757bdFC75E28E1ae2b8c1a4640180B6087E,4,46097,44273,-1824
0xB939C757bdFC75E28E1ae2b8c1a4640180B6087E,5,31503,missing
0xB939C757bdFC75E28E1ae2b8c1a4640180B6087E,6,36303,missing
0xB939C757bdFC75E28E1ae2b8c1a4640180B6087E,7,36303,missing
0xB939C757bdFC75E28E1ae2b8c1a4640180B6087E,count,7,1,-6
0x70f9eddb3931491aab1aeafbc1e7f1ca2a012db4,1,21040,40061,19021
0x70f9eddb3931491aab1aeafbc1e7f1ca2a012db4,count,1,1,0
0x7627de4B93263a6a7570b8dAfa64bae812e5c394,1,53721,missing
0x7627de4B93263a6a7570b8dAfa64bae812e5c394,2,53733,missing
0x7627de4B93263a6a7570b8dAfa64bae812e5c394,3,36633,missing
0x7627de4B93263a6a7570b8dAfa64bae812e5c394,4,53733,missing
0x7627de4B93263a6a7570b8dAfa64bae812e5c394,5,36621,missing
0x7627de4B93263a6a7570b8dAfa64bae812e5c394,6,53733,missing
0x7627de4B93263a6a7570b8dAfa64bae812e5c394,7,53733,missing
0x7627de4B93263a6a7570b8dAfa64bae812e5c394,8,53733,missing
0x7627de4B93263a6a7570b8dAfa64bae812e5c394,9,53721,missing
0x7627de4B93263a6a7570b8dAfa64bae812e5c394,10,46061,missing
0x7627de4B93263a6a7570b8dAfa64bae812e5c394,11,28973,missing
0x7627de4B93263a6a7570b8dAfa64bae812e5c394,12,28961,missing
0x7627de4B93263a6a7570b8dAfa64bae812e5c394,13,53745,missing
0x7627de4B93263a6a7570b8dAfa64bae812e5c394,14,53709,missing
0x7627de4B93263a6a7570b8dAfa64bae812e5c394,15,53745,missing
0x7627de4B93263a6a7570b8dAfa64bae812e5c394,16,53721,missing
0x7627de4B93263a6a7570b8dAfa64bae812e5c394,17,48933,missing
0x7627de4B93263a6a7570b8dAfa64bae812e5c394,18,46073,missing
0x7627de4B93263a6a7570b8dAfa64bae812e5c394,19,53733,missing
0x7627de4B93263a6a7570b8dAfa64bae812e5c394,20,53733,missing
0x7627de4B93263a6a7570b8dAfa64bae812e5c394,21,53721,missing
0x7627de4B93263a6a7570b8dAfa64bae812e5c394,22,53733,missing
0x7627de4B93263a6a7570b8dAfa64bae812e5c394,23,53721,missing
0x7627de4B93263a6a7570b8dAfa64bae812e5c394,24,53721,missing
0x7627de4B93263a6a7570b8dAfa64bae812e5c394,25,36633,missing
0x7627de4B93263a6a7570b8dAfa64bae812e5c394,26,53733,missing
0x7627de4B93263a6a7570b8dAfa64bae812e5c394,27,53721,missing
0x7627de4B93263a6a7570b8dAfa64bae812e5c394,28,53721,missing
0x7627de4B93263a6a7570b8dAfa64bae812e5c394,29,53721,missing
0x7627de4B93263a6a7570b8dAfa64bae812e5c394,30,53709,missing
0x7627de4B93263a6a7570b8dAfa64bae812e5c394,31,53721,missing
0x7627de4B93263a6a7570b8dAfa64bae812e5c394,32,53709,missing
0x7627de4B93263a6a7570b8dAfa64bae812e5c394,33,36633,missing
0x7627de4B93263a6a7570b8dAfa64bae812e5c394,34,53709,missing
0x7627de4B93263a6a7570b8dAfa64bae812e5c394,35,53709,missing
0x7627de4B93263a6a7570b8dAfa64bae812e5c394,36,53709,missing
0x7627de4B93263a6a7570b8dAfa64bae812e5c394,37,53709,missing
0x7627de4B93263a6a7570b8dAfa64bae812e5c394,38,53721,missing
0x7627de4B93263a6a7570b8dAfa64bae812e5c394,39,31821,missing
0x7627de4B93263a6a7570b8dAfa64bae812e5c394,40,46061,missing
0x7627de4B93263a6a7570b8dAfa64bae812e5c394,41,28961,missing
0x7627de4B93263a6a7570b8dAfa64bae812e5c394,42,26161,missing
0x7627de4B93263a6a7570b8dAfa64bae812e5c394,43,26161,missing
0x7627de4B93263a6a7570b8dAfa64bae812e5c394,44,26161,missing
0x7627de4B93263a6a7570b8dAfa64bae812e5c394,45,28961,missing
0x7627de4B93263a6a7570b8dAfa64bae812e5c394,46,46061,missing
0x7627de4B93263a6a7570b8dAfa64bae812e5c394,47,48921,missing
0x7627de4B93263a6a7570b8dAfa64bae812e5c394,48,53697,missing
0x7627de4B93263a6a7570b8dAfa64bae812e5c394,49,36609,missing
0x7627de4B93263a6a7570b8dAfa64bae812e5c394,50,46049,missing
0x7627de4B93263a6a7570b8dAfa64bae812e5c394,51,53709,missing
0x7627de4B93263a6a7570b8dAfa64bae812e5c394,52,53709,missing
0x7627de4B93263a6a7570b8dAfa64bae812e5c394,53,53709,missing
0x7627de4B93263a6a7570b8dAfa64bae812e5c394,54,53721,missing
0x7627de4B93263a6a7570b8dAfa64bae812e5c394,55,53709,missing
0x7627de4B93263a6a7570b8dAfa64bae812e5c394,56,46061,missing
0x7627de4B93263a6a7570b8dAfa64bae812e5c394,57,53709,missing
0x7627de4B93263a6a7570b8dAfa64bae812e5c394,58,46061,missing
0x7627de4B93263a6a7570b8dAfa64bae812e5c394,59,46073,missing
0x7627de4B93263a6a7570b8dAfa64bae812e5c394,60,28973,missing
0x7627de4B93263a6a7570b8dAfa64bae812e5c394,61,46049,missing
0x7627de4B93263a6a7570b8dAfa64bae812e5c394,62,53733,missing
0x7627de4B93263a6a7570b8dAfa64bae812e5c394,63,46061,missing
0x7627de4B93263a6a7570b8dAfa64bae812e5c394,64,53721,missing
0x7627de4B93263a6a7570b8dAfa64bae812e5c394,65,46073,missing
0x7627de4B93263a6a7570b8dAfa64bae812e5c394,66,26173,missing
0x7627de4B93263a6a7570b8dAfa64bae812e5c394,67,28961,missing
0x7627de4B93263a6a7570b8dAfa64bae812e5c394,68,53709,missing
0x7627de4B93263a6a7570b8dAfa64bae812e5c394,69,53709,missing
0x7627de4B93263a6a7570b8dAfa64bae812e5c394,70,53709,missing
0x7627de4B93263a6a7570b8dAfa64bae812e5c394,71,36609,missing
0x7627de4B93263a6a7570b8dAfa64bae812e5c394,72,53709,missing
0x7627de4B93263a6a7570b8dAfa64bae812e5c394,73,53709,missing
0x7627de4B93263a6a7570b8dAfa64bae812e5c394,74,53709,missing
0x7627de4B93263a6a7570b8dAfa64bae812e5c394,75,53709,missing
0x7627de4B93263a6a7570b8dAfa64bae812e5c394,76,53709,missing
0x7627de4B93263a6a7570b8dAfa64bae812e5c394,77,26515,missing
0x7627de4B93263a6a7570b8dAfa64bae812e5c394,78,53709,missing
0x7627de4B93263a6a7570b8dAfa64bae812e5c394,79,28961,missing
0x7627de4B93263a6a7570b8dAfa64bae812e5c394,80,26161,missing
0x7627de4B93263a6a7570b8dAfa64bae812e5c394,81,53733,missing
0x7627de4B93263a6a7570b8dAfa64bae812e5c394,82,53685,missing
0x7627de4B93263a6a7570b8dAfa64bae812e5c394,83,53721,missing
0x7627de4B93263a6a7570b8dAfa64bae812e5c394,84,53697,missing
0x7627de4B93263a6a7570b8dAfa64bae812e5c394,85,36609,missing
0x7627de4B93263a6a7570b8dAfa64bae812e5c394,86,53721,missing
0x7627de4B93263a6a7570b8dAfa64bae812e5c394,87,53709,missing
0x7627de4B93263a6a7570b8dAfa64bae812e5c394,88,53709,missing
0x7627de4B93263a6a7570b8dAfa64bae812e5c394,89,46061,missing
0x7627de4B93263a6a7570b8dAfa64bae812e5c394,90,53721,missing
0x7627de4B93263a6a7570b8dAfa64bae812e5c394,91,46061,missing
0x7627de4B93263a6a7570b8dAfa64bae812e5c394,92,53709,missing
0x7627de4B93263a6a7570b8dAfa64bae812e5c394,93,36597,missing
0x7627de4B93263a6a7570b8dAfa64bae812e5c394,94,36621,missing
0x7627de4B93263a6a7570b8dAfa64bae812e5c394,95,46061,missing
0x7627de4B93263a6a7570b8dAfa64bae812e5c394,96,36609,missing
0x7627de4B93263a6a7570b8dAfa64bae812e5c394,97,28961,missing
0x7627de4B93263a6a7570b8dAfa64bae812e5c394,98,53721,missing
0x7627de4B93263a6a7570b8dAfa64bae812e5c394,99,28961,missing
0x7627de4B93263a6a7570b8dAfa64bae812e5c394,100,53733,missing
0x7627de4B93263a6a7570b8dAfa64bae812e5c394,101,28961,missing
0x7627de4B93263a6a7570b8dAfa64bae812e5c394,102,28961,missing
0x7627de4B93263a6a7570b8dAfa64bae812e5c394,103,28973,missing
0x7627de4B93263a6a7570b8dAfa64bae812e5c394,104,28973,missing
0x7627de4B93263a6a7570b8dAfa64bae812e5c394,105,28973,missing
0x7627de4B93263a6a7570b8dAfa64bae812e5c394,106,28973,missing
0x7627de4B93263a6a7570b8dAfa64bae812e5c394,107,53733,missing
0x7627de4B93263a6a7570b8dAfa64bae812e5c394,108,53733,missing
0x7627de4B93263a6a7570b8dAfa64bae812e5c394,109,28961,missing
0x7627de4B93263a6a7570b8dAfa64bae812e5c394,110,28973,missing
0x7627de4B93263a6a7570b8dAfa64bae812e5c394,111,26173,missing
0x7627de4B93263a6a7570b8dAfa64bae812e5c394,112,26173,missing
0x7627de4B93263a6a7570b8dAfa64bae812e5c394,113,28973,missing
0x7627de4B93263a6a7570b8dAfa64bae812e5c394,114,36621,missing
0x7627de4B93263a6a7570b8dAfa64bae812e5c394,115,36609,missing
0x7627de4B93263a6a7570b8dAfa64bae812e5c394,116,53709,missing
0x7627de4B93263a6a7570b8dAfa64bae812e5c394,117,36609,missing
0x7627de4B93263a6a7570b8dAfa64bae812e5c394,118,53697,missing
0x7627de4B93263a6a7570b8dAfa64bae812e5c394,119,53709,missing
0x7627de4B93263a6a7570b8dAfa64bae812e5c394,120,36609,missing
0x7627de4B93263a6a7570b8dAfa64bae812e5c394,121,53709,missing
0x7627de4B93263a6a7570b8dAfa64bae812e5c394,122,28961,missing
0x7627de4B93263a6a7570b8dAfa64bae812e5c394,123,53709,missing
0x7627de4B93263a6a7570b8dAfa64bae812e5c394,124,53709,missing
0x7627de4B93263a6a7570b8dAfa64bae812e5c394,125,36609,missing
0x7627de4B93263a6a7570b8dAfa64bae812e5c394,126,53733,missing
0x7627de4B93263a6a7570b8dAfa64bae812e5c394,127,36633,missing
0x7627de4B93263a6a7570b8dAfa64bae812e5c394,128,46061,missing
0x7627de4B93263a6a7570b8dAfa64bae812e5c394,129,26161,missing
0x7627de4B93263a6a7570b8dAfa64bae812e5c394,130,28961,missing
0x7627de4B93263a6a7570b8dAfa64bae812e5c394,131,53721,missing
0x7627de4B93263a6a7570b8dAfa64bae812e5c394,132,53709,missing
0x7627de4B93263a6a7570b8dAfa64bae812e5c394,133,36609,missing
0x7627de4B93263a6a7570b8dAfa64bae812e5c394,134,46049,missing
0x7627de4B93263a6a7570b8dAfa64bae812e5c394,135,53721,missing
0x7627de4B93263a6a7570b8dAfa64bae812e5c394,136,36597,missing
0x7627de4B93263a6a7570b8dAfa64bae812e5c394,137,36609,missing
0x7627de4B93263a6a7570b8dAfa64bae812e5c394,138,53709,missing
0x7627de4B93263a6a7570b8dAfa64bae812e5c394,139,53709,missing
0x7627de4B93263a6a7570b8dAfa64bae812e5c394,140,53709,missing
0x7627de4B93263a6a7570b8dAfa64bae812e5c394,141,53733,missing
0x7627de4B93263a6a7570b8dAfa64bae812e5c394,142,26515,missing
0x7627de4B93263a6a7570b8dAfa64bae812e5c394,143,36633,missing
0x7627de4B93263a6a7570b8dAfa64bae812e5c394,144,53733,missing
0x7627de4B93263a6a7570b8dAfa64bae812e5c394,145,36621,missing
0x7627de4B93263a6a7570b8dAfa64bae812e5c394,146,36633,missing
0x7627de4B93263a6a7570b8dAfa64bae812e5c394,147,53733,missing
0x7627de4B93263a6a7570b8dAfa64bae812e5c394,148,26515,missing
0x7627de4B93263a6a7570b8dAfa64bae812e5c394,149,46061,missing
0x7627de4B93263a6a7570b8dAfa64bae812e5c394,150,53721,missing
0x7627de4B93263a6a7570b8dAfa64bae812e5c394,151,46061,missing
0x7627de4B93263a6a7570b8dAfa64bae812e5c394,152,26161,missing
0x7627de4B93263a6a7570b8dAfa64bae812e5c394,153,53697,missing
0x7627de4B93263a6a7570b8dAfa64bae812e5c394,154,53721,missing
0x7627de4B93263a6a7570b8dAfa64bae812e5c394,155,53721,missing
0x7627de4B93263a6a7570b8dAfa64bae812e5c394,156,53709,missing
0x7627de4B93263a6a7570b8dAfa64bae812e5c394,157,53721,missing
0x7627de4B93263a6a7570b8dAfa64bae812e5c394,158,46061,missing
0x7627de4B93263a6a7570b8dAfa64bae812e5c394,159,28973,missing
0x7627de4B93263a6a7570b8dAfa64bae812e5c394,160,28973,missing
0x7627de4B93263a6a7570b8dAfa64bae812e5c394,161,28973,missing
0x7627de4B93263a6a7570b8dAfa64bae812e5c394,162,28973,missing
0x7627de4B93263a6a7570b8dAfa64bae812e5c394,163,36609,missing
0x7627de4B93263a6a7570b8dAfa64bae812e5c394,164,28973,missing
0x7627de4B93263a6a7570b8dAfa64bae812e5c394,165,28973,missing
0x7627de4B93263a6a7570b8dAfa64bae812e5c394,166,46061,missing
0x7627de4B93263a6a7570b8dAfa64bae812e5c394,167,28961,missing
0x7627de4B93263a6a7570b8dAfa64bae812e5c394,168,26515,missing
0x7627de4B93263a6a7570b8dAfa64bae812e5c394,169,26515,missing
0x7627de4B93263a6a7570b8dAfa64bae812e5c394,170,26515,missing
0x7627de4B93263a6a7570b8dAfa64bae812e5c394,171,46061,missing
0x7627de4B93263a6a7570b8dAfa64bae812e5c394,172,53721,missing
0x7627de4B93263a6a7570b8dAfa64bae812e5c394,173,26479,missing
0x7627de4B93263a6a7570b8dAfa64bae812e5c394,174,28961,missing
0x7627de4B93263a6a7570b8dAfa64bae812e5c394,175,53709,missing
0x7627de4B93263a6a7570b8dAfa64bae812e5c394,176,36621,missing
0x7627de4B93263a6a7570b8dAfa64bae812e5c394,177,36621,missing
0x7627de4B93263a6a7570b8dAfa64bae812e5c394,178,36609,missing
0x7627de4B93263a6a7570b8dAfa64bae812e5c394,179,26527,missing
0x7627de4B93263a6a7570b8dAfa64bae812e5c394,180,36633,missing
0x7627de4B93263a6a7570b8dAfa64bae812e5c394,181,53697,missing
0x7627de4B93263a6a7570b8dAfa64bae812e5c394,182,36621,missing
0x7627de4B93263a6a7570b8dAfa64bae812e5c394,183,53733,missing
0x7627de4B93263a6a7570b8dAfa64bae812e5c394,184,53721,missing
0x7627de4B93263a6a7570b8dAfa64bae812e5c394,185,53733,missing
0x7627de4B93263a6a7570b8dAfa64bae812e5c394,186,36633,missing
0x7627de4B93263a6a7570b8dAfa64bae812e5c394,187,36621,missing
0x7627de4B93263a6a7570b8dAfa64bae812e5c394,188,53709,missing
0x7627de4B93263a6a7570b8dAfa64bae812e5c394,189,53733,missing
0x7627de4B93263a6a7570b8dAfa64bae812e5c394,190,53709,missing
0x7627de4B93263a6a7570b8dAfa64bae812e5c394,191,53709,missing
0x7627de4B93263a6a7570b8dAfa64bae812e5c394,192,53709,missing
0x7627de4B93263a6a7570b8dAfa64bae812e5c394,193,36621,missing
0x7627de4B93263a6a7570b8dAfa64bae812e5c394,194,46061,missing
0x7627de4B93263a6a7570b8dAfa64bae812e5c394,195,53709,missing
0x7627de4B93263a6a7570b8dAfa64bae812e5c394,196,26161,missing
0x7627de4B93263a6a7570b8dAfa64bae812e5c394,197,36621,missing
0x7627de4B93263a6a7570b8dAfa64bae812e5c394,198,36609,missing
0x7627de4B93263a6a7570b8dAfa64bae812e5c394,199,46061,missing
0x7627de4B93263a6a7570b8dAfa64bae812e5c394,200,46397,missing
0x7627de4B93263a6a7570b8dAfa64bae812e5c394,201,26497,missing
0x7627de4B93263a6a7570b8dAfa64bae812e5c394,202,26497,missing
0x7627de4B93263a6a7570b8dAfa64bae812e5c394,203,53721,missing
0x7627de4B93263a6a7570b8dAfa64bae812e5c394,204,26515,missing
0x7627de4B93263a6a7570b8dAfa64bae812e5c394,205,46061,missing
0x7627de4B93263a6a7570b8dAfa64bae812e5c394,206,53721,missing
0x7627de4B93263a6a7570b8dAfa64bae812e5c394,207,46073,missing
0x7627de4B93263a6a7570b8dAfa64bae812e5c394,208,53709,missing
0x7627de4B93263a6a7570b8dAfa64bae812e5c394,209,53721,missing
0x7627de4B93263a6a7570b8dAfa64bae812e5c394,210,53721,missing
0x7627de4B93263a6a7570b8dAfa64bae812e5c394,211,36633,missing
0x7627de4B93263a6a7570b8dAfa64bae812e5c394,212,53721,missing
0x7627de4B93263a6a7570b8dAfa64bae812e5c394,213,53721,missing
0x7627de4B93263a6a7570b8dAfa64bae812e5c394,214,53709,missing
0x7627de4B93263a6a7570b8dAfa64bae812e5c394,215,36621,missing
0x7627de4B93263a6a7570b8dAfa64bae812e5c394,216,36621,missing
0x7627de4B93263a6a7570b8dAfa64bae812e5c394,217,36609,missing
0x7627de4B93263a6a7570b8dAfa64bae812e5c394,218,36609,missing
0x7627de4B93263a6a7570b8dAfa64bae812e5c394,219,36609,missing
0x7627de4B93263a6a7570b8dAfa64bae812e5c394,220,46061,missing
0x7627de4B93263a6a7570b8dAfa64bae812e5c394,221,53697,missing
0x7627de4B93263a6a7570b8dAfa64bae812e5c394,222,26527,missing
0x7627de4B93263a6a7570b8dAfa64bae812e5c394,223,36621,missing
0x7627de4B93263a6a7570b8dAfa64bae812e5c394,224,53721,missing
0x7627de4B93263a6a7570b8dAfa64bae812e5c394,225,53721,missing
0x7627de4B93263a6a7570b8dAfa64bae812e5c394,226,53709,missing
0x7627de4B93263a6a7570b8dAfa64bae812e5c394,227,36609,missing
0x7627de4B93263a6a7570b8dAfa64bae812e5c394,228,31821,missing
0x7627de4B93263a6a7570b8dAfa64bae812e5c394,229,26503,missing
0x7627de4B93263a6a7570b8dAfa64bae812e5c394,230,26503,missing
0x7627de4B93263a6a7570b8dAfa64bae812e5c394,231,26503,missing
0x7627de4B93263a6a7570b8dAfa64bae812e5c394,232,26503,missing
0x7627de4B93263a6a7570b8dAfa64bae812e5c394,233,26503,missing
0x7627de4B93263a6a7570b8dAfa64bae812e5c394,234,26503,missing
0x7627de4B93263a6a7570b8dAfa64bae812e5c394,235,26503,missing
0x7627de4B93263a6a7570b8dAfa64bae812e5c394,236,26515,missing
0x7627de4B93263a6a7570b8dAfa64bae812e5c394,237,36645,missing
0x7627de4B93263a6a7570b8dAfa64bae812e5c394,238,36645,missing
0x7627de4B93263a6a7570b8dAfa64bae812e5c394,239,53733,missing
0x7627de4B93263a6a7570b8dAfa64bae812e5c394,240,36645,missing
0x7627de4B93263a6a7570b8dAfa64bae812e5c394,241,36609,missing
0x7627de4B93263a6a7570b8dAfa64bae812e5c394,242,36633,missing
0x7627de4B93263a6a7570b8dAfa64bae812e5c394,243,53733,missing
0x7627de4B93263a6a7570b8dAfa64bae812e5c394,244,36633,missing
0x7627de4B93263a6a7570b8dAfa64bae812e5c394,245,36633,missing
0x7627de4B93263a6a7570b8dAfa64bae812e5c394,246,36633,missing
0x7627de4B93263a6a7570b8dAfa64bae812e5c394,247,36633,missing
0x7627de4B93263a6a7570b8dAfa64bae812e5c394,248,36633,missing
0x7627de4B93263a6a7570b8dAfa64bae812e5c394,249,36621,missing
0x7627de4B93263a6a7570b8dAfa64bae812e5c394,250,53733,missing
0x7627de4B93263a6a7570b8dAfa64bae812e5c394,251,36633,missing
0x7627de4B93263a6a7570b8dAfa64bae812e5c394,252,36621,missing
0x7627de4B93263a6a7570b8dAfa64bae812e5c394,253,36633,missing
0x7627de4B93263a6a7570b8dAfa64bae812e5c394,254,36633,missing
0x7627de4B93263a6a7570b8dAfa64bae812e5c394,255,53733,missing
0x7627de4B93263a6a7570b8dAfa64bae812e5c394,256,36621,missing
0x7627de4B93263a6a7570b8dAfa64bae812e5c394,257,53733,missing
0x7627de4B93263a6a7570b8dAfa64bae812e5c394,258,53733,missing
0x7627de4B93263a6a7570b8dAfa64bae812e5c394,259,53721,missing
0x7627de4B93263a6a7570b8dAfa64bae812e5c394,260,53733,missing
0x7627de4B93263a6a7570b8dAfa64bae812e5c394,261,53721,missing
0x7627de4B93263a6a7570b8dAfa64bae812e5c394,262,53733,missing
0x7627de4B93263a6a7570b8dAfa64bae812e5c394,263,53733,missing
0x7627de4B93263a6a7570b8dAfa64bae812e5c394,264,36621,missing
0x7627de4B93263a6a7570b8dAfa64bae812e5c394,265,53733,missing
0x7627de4B93263a6a7570b8dAfa64bae812e5c394,266,53733,missing
0x7627de4B93263a6a7570b8dAfa64bae812e5c394,267,36621,missing
0x7627de4B93263a6a7570b8dAfa64bae812e5c394,268,53733,missing
0x7627de4B93263a6a7570b8dAfa64bae812e5c394,269,53733,missing
0x7627de4B93263a6a7570b8dAfa64bae812e5c394,270,53733,missing
0x7627de4B93263a6a7570b8dAfa64bae812e5c394,271,53721,missing
0x7627de4B93263a6a7570b8dAfa64bae812e5c394,272,36621,missing
0x7627de4B93263a6a7570b8dAfa64bae812e5c394,273,53733,missing
0x7627de4B93263a6a7570b8dAfa64bae812e5c394,274,36621,missing
0x7627de4B93263a6a7570b8dAfa64bae812e5c394,275,53721,missing
0x7627de4B93263a6a7570b8dAfa64bae812e5c394,276,53721,missing
0x7627de4B93263a6a7570b8dAfa64bae812e5c394,277,53709,missing
0x7627de4B93263a6a7570b8dAfa64bae812e5c394,278,53721,missing
0x7627de4B93263a6a7570b8dAfa64bae812e5c394,279,53709,missing
0x7627de4B93263a6a7570b8dAfa64bae812e5c394,280,53733,missing
0x7627de4B93263a6a7570b8dAfa64bae812e5c394,281,53709,missing
0x7627de4B93263a6a7570b8dAfa64bae812e5c394,282,53721,missing
0x7627de4B93263a6a7570b8dAfa64bae812e5c394,283,53733,missing
0x7627de4B93263a6a7570b8dAfa64bae812e5c394,284,53721,missing
0x7627de4B93263a6a7570b8dAfa64bae812e5c394,285,53733,missing
0x7627de4B93263a6a7570b8dAfa64bae812e5c394,286,53721,missing
0x7627de4B93263a6a7570b8dAfa64bae812e5c394,287,53721,missing
0x7627de4B93263a6a7570b8dAfa64bae812e5c394,288,53721,missing
0x7627de4B93263a6a7570b8dAfa64bae812e5c394,289,53733,missing
0x7627de4B93263a6a7570b8dAfa64bae812e5c394,290,53733,missing
0x7627de4B93263a6a7570b8dAfa64bae812e5c394,291,53733,missing
0x7627de4B93263a6a7570b8dAfa64bae812e5c394,292,53733,missing
0x7627de4B93263a6a7570b8dAfa64bae812e5c394,293,53733,missing
0x7627de4B93263a6a7570b8dAfa64bae812e5c394,294,53709,missing
0x7627de4B93263a6a7570b8dAfa64bae812e5c394,295,53721,missing
0x7627de4B93263a6a7570b8dAfa64bae812e5c394,296,53733,missing
0x7627de4B93263a6a7570b8dAfa64bae812e5c394,297,53709,missing
0x7627de4B93263a6a7570b8dAfa64bae812e5c394,298,53733,missing
0x7627de4B93263a6a7570b8dAfa64bae812e5c394,299,53721,missing
0x7627de4B93263a6a7570b8dAfa64bae812e5c394,300,53721,missing
0x7627de4B93263a6a7570b8dAfa64bae812e5c394,301,53721,missing
0x7627de4B93263a6a7570b8dAfa64bae812e5c394,302,53721,missing
0x7627de4B93263a6a7570b8dAfa64bae812e5c394,303,53721,missing
0x7627de4B93263a6a7570b8dAfa64bae812e5c394,304,53733,missing
0x7627de4B93263a6a7570b8dAfa64bae812e5c394,305,53733,missing
0x7627de4B93263a6a7570b8dAfa64bae812e5c394,306,53721,missing
0x7627de4B93263a6a7570b8dAfa64bae812e5c394,307,36621,missing
0x7627de4B93263a6a7570b8dAfa64bae812e5c394,308,53721,missing
0x7627de4B93263a6a7570b8dAfa64bae812e5c394,309,53721,missing
0x7627de4B93263a6a7570b8dAfa64bae812e5c394,310,53721,missing
0x7627de4B93263a6a7570b8dAfa64bae812e5c394,311,53733,missing
0x7627de4B93263a6a7570b8dAfa64bae812e5c394,312,53733,missing
0x7627de4B93263a6a7570b8dAfa64bae812e5c394,313,53733,missing
0x7627de4B93263a6a7570b8dAfa64bae812e5c394,314,36633,missing
0x7627de4B93263a6a7570b8dAfa64bae812e5c394,315,53721,missing
0x7627de4B93263a6a7570b8dAfa64bae812e5c394,316,53733,missing
0x7627de4B93263a6a7570b8dAfa64bae812e5c394,count,316,0,-316
0x531917942B6Bb866031aC22BB00E7838613753AC,1,48000,missing
0x531917942B6Bb866031aC22BB00E7838613753AC,count,1,0,-1
0xb57bB80bc676Bc1134432860bd27A9D048ABe0B0,count,0,0,0
0xb75a5e36cC668bC8Fe468e8f272Cd4a0fd0fd773,1,52425,missing
0xb75a5e36cC668bC8Fe468e8f272Cd4a0fd0fd773,2,52425,missing
0xb75a5e36cC668bC8Fe468e8f272Cd4a0fd0fd773,3,52401,missing
0xb75a5e36cC668bC8Fe468e8f272Cd4a0fd0fd773,4,52425,missing
0xb75a5e36cC668bC8Fe468e8f272Cd4a0fd0fd773,5,52425,missing
0xb75a5e36cC668bC8Fe468e8f272Cd4a0fd0fd773,6,52425,missing
0xb75a5e36cC668bC8Fe468e8f272Cd4a0fd0fd773,7,52413,missing
0xb75a5e36cC668bC8Fe468e8f272Cd4a0fd0fd773,8,52413,missing
0xb75a5e36cC668bC8Fe468e8f272Cd4a0fd0fd773,9,52425,missing
0xb75a5e36cC668bC8Fe468e8f272Cd4a0fd0fd773,10,52425,missing
0xb75a5e36cC668bC8Fe468e8f272Cd4a0fd0fd773,11,52425,missing
0xb75a5e36cC668bC8Fe468e8f272Cd4a0fd0fd773,12,52425,missing
0xb75a5e36cC668bC8Fe468e8f272Cd4a0fd0fd773,13,52401,missing
0xb75a5e36cC668bC8Fe468e8f272Cd4a0fd0fd773,14,52425,missing
0xb75a5e36cC668bC8Fe468e8f272Cd4a0fd0fd773,15,52413,missing
0xb75a5e36cC668bC8Fe468e8f272Cd4a0fd0fd773,16,52413,missing
0xb75a5e36cC668bC8Fe468e8f272Cd4a0fd0fd773,17,52413,missing
0xb75a5e36cC668bC8Fe468e8f272Cd4a0fd0fd773,18,52413,missing
0xb75a5e36cC668bC8Fe468e8f272Cd4a0fd0fd773,19,52413,missing
0xb75a5e36cC668bC8Fe468e8f272Cd4a0fd0fd773,20,52413,missing
0xb75a5e36cC668bC8Fe468e8f272Cd4a0fd0fd773,21,52413,missing
0xb75a5e36cC668bC8Fe468e8f272Cd4a0fd0fd773,22,52413,missing
0xb75a5e36cC668bC8Fe468e8f272Cd4a0fd0fd773,23,52413,missing
0xb75a5e36cC668bC8Fe468e8f272Cd4a0fd0fd773,24,52413,missing
0xb75a5e36cC668bC8Fe468e8f272Cd4a0fd0fd773,25,52413,missing
0xb75a5e36cC668bC8Fe468e8f272Cd4a0fd0fd773,26,52413,missing
0xb75a5e36cC668bC8Fe468e8f272Cd4a0fd0fd773,27,52413,missing
0xb75a5e36cC668bC8Fe468e8f272Cd4a0fd0fd773,28,52413,missing
0xb75a5e36cC668bC8Fe468e8f272Cd4a0fd0fd773,29,52413,missing
0xb75a5e36cC668bC8Fe468e8f272Cd4a0fd0fd773,30,52413,missing
0xb75a5e36cC668bC8Fe468e8f272Cd4a0fd0fd773,31,52413,missing
0xb75a5e36cC668bC8Fe468e8f272Cd4a0fd0fd773,32,52401,missing
0xb75a5e36cC668bC8Fe468e8f272Cd4a0fd0fd773,33,52413,missing
0xb75a5e36cC668bC8Fe468e8f272Cd4a0fd0fd773,34,52413,missing
0xb75a5e36cC668bC8Fe468e8f272Cd4a0fd0fd773,35,52413,missing
0xb75a5e36cC668bC8Fe468e8f272Cd4a0fd0fd773,36,52413,missing
0xb75a5e36cC668bC8Fe468e8f272Cd4a0fd0fd773,37,52413,missing
0xb75a5e36cC668bC8Fe468e8f272Cd4a0fd0fd773,39,52413,missing
0xb75a5e36cC668bC8Fe468e8f272Cd4a0fd0fd773,42,52425,missing
0xb75a5e36cC668bC8Fe468e8f272Cd4a0fd0fd773,49,52425,missing
0xb75a5e36cC668bC8Fe468e8f272Cd4a0fd0fd773,51,35325,missing
0xb75a5e36cC668bC8Fe468e8f272Cd4a0fd0fd773,52,52425,missing
0xb75a5e36cC668bC8Fe468e8f272Cd4a0fd0fd773,53,52425,missing
0xb75a5e36cC668bC8Fe468e8f272Cd4a0fd0fd773,54,52413,missing
0xb75a5e36cC668bC8Fe468e8f272Cd4a0fd0fd773,55,52425,missing
0xb75a5e36cC668bC8Fe468e8f272Cd4a0fd0fd773,56,52425,missing
0xb75a5e36cC668bC8Fe468e8f272Cd4a0fd0fd773,57,52413,missing
0xb75a5e36cC668bC8Fe468e8f272Cd4a0fd0fd773,58,52413,missing
0xb75a5e36cC668bC8Fe468e8f272Cd4a0fd0fd773,59,52413,missing
0xb75a5e36cC668bC8Fe468e8f272Cd4a0fd0fd773,60,52413,missing
0xb75a5e36cC668bC8Fe468e8f272Cd4a0fd0fd773,61,52413,missing
0xb75a5e36cC668bC8Fe468e8f272Cd4a0fd0fd773,62,52413,missing
0xb75a5e36cC668bC8Fe468e8f272Cd4a0fd0fd773,63,52413,missing
0xb75a5e36cC668bC8Fe468e8f272Cd4a0fd0fd773,64,52413,missing
0xb75a5e36cC668bC8Fe468e8f272Cd4a0fd0fd773,65,52413,missing
0xb75a5e36cC668bC8Fe468e8f272Cd4a0fd0fd773,66,52413,missing
0xb75a5e36cC668bC8Fe468e8f272Cd4a0fd0fd773,67,52425,missing
0xb75a5e36cC668bC8Fe468e8f272Cd4a0fd0fd773,68,52413,missing
0xb75a5e36cC668bC8Fe468e8f272Cd4a0fd0fd773,69,52413,missing
0xb75a5e36cC668bC8Fe468e8f272Cd4a0fd0fd773,70,52425,missing
0xb75a5e36cC668bC8Fe468e8f272Cd4a0fd0fd773,71,52413,missing
0xb75a5e36cC668bC8Fe468e8f272Cd4a0fd0fd773,72,52413,missing
0xb75a5e36cC668bC8Fe468e8f272Cd4a0fd0fd773,73,52413,missing
0xb75a5e36cC668bC8Fe468e8f272Cd4a0fd0fd773,74,52413,missing
0xb75a5e36cC668bC8Fe468e8f272Cd4a0fd0fd773,75,52413,missing
0xb75a5e36cC668bC8Fe468e8f272Cd4a0fd0fd773,76,52425,missing
0xb75a5e36cC668bC8Fe468e8f272Cd4a0fd0fd773,77,52413,missing
0xb75a5e36cC668bC8Fe468e8f272Cd4a0fd0fd773,78,52413,missing
0xb75a5e36cC668bC8Fe468e8f272Cd4a0fd0fd773,79,52413,missing
0xb75a5e36cC668bC8Fe468e8f272Cd4a0fd0fd773,80,52413,missing
0xb75a5e36cC668bC8Fe468e8f272Cd4a0fd0fd773,81,52413,missing
0xb75a5e36cC668bC8Fe468e8f272Cd4a0fd0fd773,82,52413,missing
0xb75a5e36cC668bC8Fe468e8f272Cd4a0fd0fd773,83,52413,missing
0xb75a5e36cC668bC8Fe468e8f272Cd4a0fd0fd773,84,52413,missing
0xb75a5e36cC668bC8Fe468e8f272Cd4a0fd0fd773,85,52425,missing
0xb75a5e36cC668bC8Fe468e8f272Cd4a0fd0fd773,86,27701,missing
0xb75a5e36cC668bC8Fe468e8f272Cd4a0fd0fd773,87,52401,missing
0xb75a5e36cC668bC8Fe468e8f272Cd4a0fd0fd773,88,52401,missing
0xb75a5e36cC668bC8Fe468e8f272Cd4a0fd0fd773,89,52389,missing
0xb75a5e36cC668bC8Fe468e8f272Cd4a0fd0fd773,90,35301,missing
0xb75a5e36cC668bC8Fe468e8f272Cd4a0fd0fd773,91,35313,missing
0xb75a5e36cC668bC8Fe468e8f272Cd4a0fd0fd773,92,35301,missing
0xb75a5e36cC668bC8Fe468e8f272Cd4a0fd0fd773,93,35301,missing
0xb75a5e36cC668bC8Fe468e8f272Cd4a0fd0fd773,94,52413,missing
0xb75a5e36cC668bC8Fe468e8f272Cd4a0fd0fd773,95,52389,missing
0xb75a5e36cC668bC8Fe468e8f272Cd4a0fd0fd773,96,52413,missing
0xb75a5e36cC668bC8Fe468e8f272Cd4a0fd0fd773,97,52413,missing
0xb75a5e36cC668bC8Fe468e8f272Cd4a0fd0fd773,98,52413,missing
0xb75a5e36cC668bC8Fe468e8f272Cd4a0fd0fd773,99,35313,missing
0xb75a5e36cC668bC8Fe468e8f272Cd4a0fd0fd773,100,52413,missing
0xb75a5e36cC668bC8Fe468e8f272Cd4a0fd0fd773,101,52425,missing
0xb75a5e36cC668bC8Fe468e8f272Cd4a0fd0fd773,102,52425,missing
0xb75a5e36cC668bC8Fe468e8f272Cd4a0fd0fd773,103,52425,missing
0xb75a5e36cC668bC8Fe468e8f272Cd4a0fd0fd773,104,52413,missing
0xb75a5e36cC668bC8Fe468e8f272Cd4a0fd0fd773,105,52413,missing
0xb75a5e36cC668bC8Fe468e8f272Cd4a0fd0fd773,106,52413,missing
0xb75a5e36cC668bC8Fe468e8f272Cd4a0fd0fd773,107,52425,missing
0xb75a5e36cC668bC8Fe468e8f272Cd4a0fd0fd773,108,52425,missing
0xb75a5e36cC668bC8Fe468e8f272Cd4a0fd0fd773,109,52425,missing
0xb75a5e36cC668bC8Fe468e8f272Cd4a0fd0fd773,110,52413,missing
0xb75a5e36cC668bC8Fe468e8f272Cd4a0fd0fd773,111,52413,missing
0xb75a5e36cC668bC8Fe468e8f272Cd4a0fd0fd773,112,52413,missing
0xb75a5e36cC668bC8Fe468e8f272Cd4a0fd0fd773,113,35313,missing
0xb75a5e36cC668bC8Fe468e8f272Cd4a0fd0fd773,114,52413,missing
0xb75a5e36cC668bC8Fe468e8f272Cd4a0fd0fd773,115,52413,missing
0xb75a5e36cC668bC8Fe468e8f272Cd4a0fd0fd773,116,52413,missing
0xb75a5e36cC668bC8Fe468e8f272Cd4a0fd0fd773,117,35313,missing
0xb75a5e36cC668bC8Fe468e8f272Cd4a0fd0fd773,118,35289,missing
0xb75a5e36cC668bC8Fe468e8f272Cd4a0fd0fd773,119,35313,missing
0xb75a5e36cC668bC8Fe468e8f272Cd4a0fd0fd773,120,35313,missing
0xb75a5e36cC668bC8Fe468e8f272Cd4a0fd0fd773,121,52413,missing
0xb75a5e36cC668bC8Fe468e8f272Cd4a0fd0fd773,122,52401,missing
0xb75a5e36cC668bC8Fe468e8f272Cd4a0fd0fd773,123,52413,missing
0xb75a5e36cC668bC8Fe468e8f272Cd4a0fd0fd773,124,52413,missing
0xb75a5e36cC668bC8Fe468e8f272Cd4a0fd0fd773,125,52413,missing
0xb75a5e36cC668bC8Fe468e8f272Cd4a0fd0fd773,126,52413,missing
0xb75a5e36cC668bC8Fe468e8f272Cd4a0fd0fd773,127,52425,missing
0xb75a5e36cC668bC8Fe468e8f272Cd4a0fd0fd773,128,52425,missing
0xb75a5e36cC668bC8Fe468e8f272Cd4a0fd0fd773,129,52401,missing
0xb75a5e36cC668bC8Fe468e8f272Cd4a0fd0fd773,130,52413,missing
0xb75a5e36cC668bC8Fe468e8f272Cd4a0fd0fd773,131,52413,missing
0xb75a5e36cC668bC8Fe468e8f272Cd4a0fd0fd773,132,52413,missing
0xb75a5e36cC668bC8Fe468e8f272Cd4a0fd0fd773,133,52425,missing
0xb75a5e36cC668bC8Fe468e8f272Cd4a0fd0fd773,134,52413,missing
0xb75a5e36cC668bC8Fe468e8f272Cd4a0fd0fd773,135,52413,missing
0xb75a5e36cC668bC8Fe468e8f272Cd4a0fd0fd773,136,35313,missing
0xb75a5e36cC668bC8Fe468e8f272Cd4a0fd0fd773,137,52413,missing
0xb75a5e36cC668bC8Fe468e8f272Cd4a0fd0fd773,138,35313,missing
0xb75a5e36cC668bC8Fe468e8f272Cd4a0fd0fd773,139,52413,missing
0xb75a5e36cC668bC8Fe468e8f272Cd4a0fd0fd773,140,52413,missing
0xb75a5e36cC668bC8Fe468e8f272Cd4a0fd0fd773,141,52413,missing
0xb75a5e36cC668bC8Fe468e8f272Cd4a0fd0fd773,142,52413,missing
0xb75a5e36cC668bC8Fe468e8f272Cd4a0fd0fd773,143,52413,missing
0xb75a5e36cC668bC8Fe468e8f272Cd4a0fd0fd773,144,35313,missing
0xb75a5e36cC668bC8Fe468e8f272Cd4a0fd0fd773,145,35313,missing
0xb75a5e36cC668bC8Fe468e8f272Cd4a0fd0fd773,146,52413,missing
0xb75a5e36cC668bC8Fe468e8f272Cd4a0fd0fd773,147,52413,missing
0xb75a5e36cC668bC8Fe468e8f272Cd4a0fd0fd773,148,52413,missing
0xb75a5e36cC668bC8Fe468e8f272Cd4a0fd0fd773,149,52413,missing
0xb75a5e36cC668bC8Fe468e8f272Cd4a0fd0fd773,150,52413,missing
0xb75a5e36cC668bC8Fe468e8f272Cd4a0fd0fd773,151,35313,missing
0xb75a5e36cC668bC8Fe468e8f272Cd4a0fd0fd773,152,52413,missing
0xb75a5e36cC668bC8Fe468e8f272Cd4a0fd0fd773,153,35313,missing
0xb75a5e36cC668bC8Fe468e8f272Cd4a0fd0fd773,154,35313,missing
0xb75a5e36cC668bC8Fe468e8f272Cd4a0fd0fd773,155,35313,missing
0xb75a5e36cC668bC8Fe468e8f272Cd4a0fd0fd773,156,52413,missing
0xb75a5e36cC668bC8Fe468e8f272Cd4a0fd0fd773,157,52413,missing
0xb75a5e36cC668bC8Fe468e8f272Cd4a0fd0fd773,158,52413,missing
0xb75a5e36cC668bC8Fe468e8f272Cd4a0fd0fd773,159,52413,missing
0xb75a5e36cC668bC8Fe468e8f272Cd4a0fd0fd773,160,52413,missing
0xb75a5e36cC668bC8Fe468e8f272Cd4a0fd0fd773,161,52413,missing
0xb75a5e36cC668bC8Fe468e8f272Cd4a0fd0fd773,162,52401,missing
0xb75a5e36cC668bC8Fe468e8f272Cd4a0fd0fd773,163,52413,missing
0xb75a5e36cC668bC8Fe468e8f272Cd4a0fd0fd773,164,52413,missing
0xb75a5e36cC668bC8Fe468e8f272Cd4a0fd0fd773,165,35313,missing
0xb75a5e36cC668bC8Fe468e8f272Cd4a0fd0fd773,166,52413,missing
0xb75a5e36cC668bC8Fe468e8f272Cd4a0fd0fd773,167,35313,missing
0xb75a5e36cC668bC8Fe468e8f272Cd4a0fd0fd773,168,52413,missing
0xb75a5e36cC668bC8Fe468e8f272Cd4a0fd0fd773,169,35313,missing
0xb75a5e36cC668bC8Fe468e8f272Cd4a0fd0fd773,170,35313,missing
0xb75a5e36cC668bC8Fe468e8f272Cd4a0fd0fd773,171,52413,missing
0xb75a5e36cC668bC8Fe468e8f272Cd4a0fd0fd773,172,35313,missing
0xb75a5e36cC668bC8Fe468e8f272Cd4a0fd0fd773,173,52413,missing
0xb75a5e36cC668bC8Fe468e8f272Cd4a0fd0fd773,174,35313,missing
0xb75a5e36cC668bC8Fe468e8f272Cd4a0fd0fd773,175,35313,missing
0xb75a5e36cC668bC8Fe468e8f272Cd4a0fd0fd773,176,35313,missing
0xb75a5e36cC668bC8Fe468e8f272Cd4a0fd0fd773,177,35313,missing
0xb75a5e36cC668bC8Fe468e8f272Cd4a0fd0fd773,178,52413,missing
0xb75a5e36cC668bC8Fe468e8f272Cd4a0fd0fd773,179,35313,missing
0xb75a5e36cC668bC8Fe468e8f272Cd4a0fd0fd773,180,52413,missing
0xb75a5e36cC668bC8Fe468e8f272Cd4a0fd0fd773,181,35313,missing
0xb75a5e36cC668bC8Fe468e8f272Cd4a0fd0fd773,182,35313,missing
0xb75a5e36cC668bC8Fe468e8f272Cd4a0fd0fd773,183,52425,missing
0xb75a5e36cC668bC8Fe468e8f272Cd4a0fd0fd773,184,35325,missing
0xb75a5e36cC668bC8Fe468e8f272Cd4a0fd0fd773,185,52413,missing
0xb75a5e36cC668bC8Fe468e8f272Cd4a0fd0fd773,186,35313,missing
0xb75a5e36cC668bC8Fe468e8f272Cd4a0fd0fd773,187,35325,missing
0xb75a5e36cC668bC8Fe468e8f272Cd4a0fd0fd773,188,35325,missing
0xb75a5e36cC668bC8Fe468e8f272Cd4a0fd0fd773,189,52401,missing
0xb75a5e36cC668bC8Fe468e8f272Cd4a0fd0fd773,190,52413,missing
0xb75a5e36cC668bC8Fe468e8f272Cd4a0fd0fd773,191,52413,missing
0xb75a5e36cC668bC8Fe468e8f272Cd4a0fd0fd773,192,52413,missing
0xb75a5e36cC668bC8Fe468e8f272Cd4a0fd0fd773,193,52401,missing
0xb75a5e36cC668bC8Fe468e8f272Cd4a0fd0fd773,194,52413,missing
0xb75a5e36cC668bC8Fe468e8f272Cd4a0fd0fd773,195,52425,missing
0xb75a5e36cC668bC8Fe468e8f272Cd4a0fd0fd773,196,35325,missing
0xb75a5e36cC668bC8Fe468e8f272Cd4a0fd0fd773,197,35313,missing
0xb75a5e36cC668bC8Fe468e8f272Cd4a0fd0fd773,198,35313,missing
0xb75a5e36cC668bC8Fe468e8f272Cd4a0fd0fd773,199,35325,missing
0xb75a5e36cC668bC8Fe468e8f272Cd4a0fd0fd773,200,35313,missing
0xb75a5e36cC668bC8Fe468e8f272Cd4a0fd0fd773,201,52413,missing
0xb75a5e36cC668bC8Fe468e8f272Cd4a0fd0fd773,202,52413,missing
0xb75a5e36cC668bC8Fe468e8f272Cd4a0fd0fd773,203,52413,missing
0xb75a5e36cC668bC8Fe468e8f272Cd4a0fd0fd773,204,52413,missing
0xb75a5e36cC668bC8Fe468e8f272Cd4a0fd0fd773,205,52413,missing
0xb75a5e36cC668bC8Fe468e8f272Cd4a0fd0fd773,206,35313,missing
0xb75a5e36cC668bC8Fe468e8f272Cd4a0fd0fd773,207,52425,missing
0xb75a5e36cC668bC8Fe468e8f272Cd4a0fd0fd773,208,35313,missing
0xb75a5e36cC668bC8Fe468e8f272Cd4a0fd0fd773,209,35313,missing
0xb75a5e36cC668bC8Fe468e8f272Cd4a0fd0fd773,210,35313,missing
0xb75a5e36cC668bC8Fe468e8f272Cd4a0fd0fd773,211,35313,missing
0xb75a5e36cC668bC8Fe468e8f272Cd4a0fd0fd773,212,35313,missing
0xb75a5e36cC668bC8Fe468e8f272Cd4a0fd0fd773,213,52413,missing
0xb75a5e36cC668bC8Fe468e8f272Cd4a0fd0fd773,214,35313,missing
0xb75a5e36cC668bC8Fe468e8f272Cd4a0fd0fd773,215,35313,missing
0xb75a5e36cC668bC8Fe468e8f272Cd4a0fd0fd773,216,52413,missing
0xb75a5e36cC668bC8Fe468e8f272Cd4a0fd0fd773,217,52413,missing
0xb75a5e36cC668bC8Fe468e8f272Cd4a0fd0fd773,218,35325,missing
0xb75a5e36cC668bC8Fe468e8f272Cd4a0fd0fd773,219,35313,missing
0xb75a5e36cC668bC8Fe468e8f272Cd4a0fd0fd773,220,52413,missing
0xb75a5e36cC668bC8Fe468e8f272Cd4a0fd0fd773,221,52425,missing
0xb75a5e36cC668bC8Fe468e8f272Cd4a0fd0fd773,222,52425,missing
0xb75a5e36cC668bC8Fe468e8f272Cd4a0fd0fd773,223,52425,missing
0xb75a5e36cC668bC8Fe468e8f272Cd4a0fd0fd773,224,52425,missing
0xb75a5e36cC668bC8Fe468e8f272Cd4a0fd0fd773,225,52425,missing
0xb75a5e36cC668bC8Fe468e8f272Cd4a0fd0fd773,226,35301,missing
0xb75a5e36cC668bC8Fe468e8f272Cd4a0fd0fd773,227,52413,missing
0xb75a5e36cC668bC8Fe468e8f272Cd4a0fd0fd773,228,35301,missing
0xb75a5e36cC668bC8Fe468e8f272Cd4a0fd0fd773,229,52401,missing
0xb75a5e36cC668bC8Fe468e8f272Cd4a0fd0fd773,230,27701,missing
0xb75a5e36cC668bC8Fe468e8f272Cd4a0fd0fd773,231,52413,missing
0xb75a5e36cC668bC8Fe468e8f272Cd4a0fd0fd773,232,52413,missing
0xb75a5e36cC668bC8Fe468e8f272Cd4a0fd0fd773,233,52413,missing
0xb75a5e36cC668bC8Fe468e8f272Cd4a0fd0fd773,234,52413,missing
0xb75a5e36cC668bC8Fe468e8f272Cd4a0fd0fd773,235,52389,missing
0xb75a5e36cC668bC8Fe468e8f272Cd4a0fd0fd773,236,52413,missing
0xb75a5e36cC668bC8Fe468e8f272Cd4a0fd0fd773,237,35313,missing
0xb75a5e36cC668bC8Fe468e8f272Cd4a0fd0fd773,238,35313,missing
0xb75a5e36cC668bC8Fe468e8f272Cd4a0fd0fd773,239,52413,missing
0xb75a5e36cC668bC8Fe468e8f272Cd4a0fd0fd773,240,52413,missing
0xb75a5e36cC668bC8Fe468e8f272Cd4a0fd0fd773,241,52413,missing
0xb75a5e36cC668bC8Fe468e8f272Cd4a0fd0fd773,242,35313,missing
0xb75a5e36cC668bC8Fe468e8f272Cd4a0fd0fd773,243,52425,missing
0xb75a5e36cC668bC8Fe468e8f272Cd4a0fd0fd773,244,35313,missing
0xb75a5e36cC668bC8Fe468e8f272Cd4a0fd0fd773,245,35325,missing
0xb75a5e36cC668bC8Fe468e8f272Cd4a0fd0fd773,246,52413,missing
0xb75a5e36cC668bC8Fe468e8f272Cd4a0fd0fd773,247,52413,missing
0xb75a5e36cC668bC8Fe468e8f272Cd4a0fd0fd773,248,35313,missing
0xb75a5e36cC668bC8Fe468e8f272Cd4a0fd0fd773,249,52413,missing
0xb75a5e36cC668bC8Fe468e8f272Cd4a0fd0fd773,250,52413,missing
0xb75a5e36cC668bC8Fe468e8f272Cd4a0fd0fd773,251,35289,missing
0xb75a5e36cC668bC8Fe468e8f272Cd4a0fd0fd773,252,52425,missing
0xb75a5e36cC668bC8Fe468e8f272Cd4a0fd0fd773,253,35301,missing
0xb75a5e36cC668bC8Fe468e8f272Cd4a0fd0fd773,254,52413,missing
0xb75a5e36cC668bC8Fe468e8f272Cd4a0fd0fd773,255,35313,missing
0xb75a5e36cC668bC8Fe468e8f272Cd4a0fd0fd773,256,52413,missing
0xb75a5e36cC668bC8Fe468e8f272Cd4a0fd0fd773,257,52413,missing
0xb75a5e36cC668bC8Fe468e8f272Cd4a0fd0fd773,258,52413,missing
0xb75a5e36cC668bC8Fe468e8f272Cd4a0fd0fd773,259,35313,missing
0xb75a5e36cC668bC8Fe468e8f272Cd4a0fd0fd773,260,52413,missing
0xb75a5e36cC668bC8Fe468e8f272Cd4a0fd0fd773,261,52401,missing
0xb75a5e36cC668bC8Fe468e8f272Cd4a0fd0fd773,262,52413,missing
0xb75a5e36cC668bC8Fe468e8f272Cd4a0fd0fd773,263,52413,missing
0xb75a5e36cC668bC8Fe468e8f272Cd4a0fd0fd773,264,52413,missing
0xb75a5e36cC668bC8Fe468e8f272Cd4a0fd0fd773,265,52413,missing
0xb75a5e36cC668bC8Fe468e8f272Cd4a0fd0fd773,266,52413,missing
0xb75a5e36cC668bC8Fe468e8f272Cd4a0fd0fd773,267,52413,missing
0xb75a5e36cC668bC8Fe468e8f272Cd4a0fd0fd773,268,52413,missing
0xb75a5e36cC668bC8Fe468e8f272Cd4a0fd0fd773,269,52401,missing
0xb75a5e36cC668bC8Fe468e8f272Cd4a0fd0fd773,273,52413,missing
0xb75a5e36cC668bC8Fe468e8f272Cd4a0fd0fd773,276,52413,missing
0xb75a5e36cC668bC8Fe468e8f272Cd4a0fd0fd773,278,52413,missing
0xb75a5e36cC668bC8Fe468e8f272Cd4a0fd0fd773,279,52413,missing
0xb75a5e36cC668bC8Fe468e8f272Cd4a0fd0fd773,280,52413,missing
0xb75a5e36cC668bC8Fe468e8f272Cd4a0fd0fd773,281,52413,missing
0xb75a5e36cC668bC8Fe468e8f272Cd4a0fd0fd773,282,52413,missing
0xb75a5e36cC668bC8Fe468e8f272Cd4a0fd0fd773,283,52413,missing
0xb75a5e36cC668bC8Fe468e8f272Cd4a0fd0fd773,284,28936,28293,-643
0xb75a5e36cC668bC8Fe468e8f272Cd4a0fd0fd773,285,52413,missing
0xb75a5e36cC668bC8Fe468e8f272Cd4a0fd0fd773,286,52413,missing
0xb75a5e36cC668bC8Fe468e8f272Cd4a0fd0fd773,288,27713,missing
0xb75a5e36cC668bC8Fe468e8f272Cd4a0fd0fd773,289,47613,missing
0xb75a5e36cC668bC8Fe468e8f272Cd4a0fd0fd773,290,52413,missing
0xb75a5e36cC668bC8Fe468e8f272Cd4a0fd0fd773,291,47613,missing
0xb75a5e36cC668bC8Fe468e8f272Cd4a0fd0fd773,293,27725,missing
0xb75a5e36cC668bC8Fe468e8f272Cd4a0fd0fd773,294,47625,missing
0xb75a5e36cC668bC8Fe468e8f272Cd4a0fd0fd773,295,47613,missing
0xb75a5e36cC668bC8Fe468e8f272Cd4a0fd0fd773,296,47613,missing
0xb75a5e36cC668bC8Fe468e8f272Cd4a0fd0fd773,297,35325,missing
0xb75a5e36cC668bC8Fe468e8f272Cd4a0fd0fd773,298,47613,missing
0xb75a5e36cC668bC8Fe468e8f272Cd4a0fd0fd773,count,280,1,-279
0x6a57883b5748bf3631ac2e0d43bf0d6f6cbcd16b,3,28575,missing
0x6a57883b5748bf3631ac2e0d43bf0d6f6cbcd16b,28,28641,missing
0x6a57883b5748bf3631ac2e0d43bf0d6f6cbcd16b,41,28641,missing
0x6a57883b5748bf3631ac2e0d43bf0d6f6cbcd16b,43,28805,missing
0x6a57883b5748bf3631ac2e0d43bf0d6f6cbcd16b,51,28641,missing
0x6a57883b5748bf3631ac2e0d43bf0d6f6cbcd16b,74,28805,missing
0x6a57883b5748bf3631ac2e0d43bf0d6f6cbcd16b,75,28641,missing
0x6a57883b5748bf3631ac2e0d43bf0d6f6cbcd16b,82,28641,missing
0x6a57883b5748bf3631ac2e0d43bf0d6f6cbcd16b,88,28641,missing
0x6a57883b5748bf3631ac2e0d43bf0d6f6cbcd16b,89,28805,missing
0x6a57883b5748bf3631ac2e0d43bf0d6f6cbcd16b,92,28641,missing
0x6a57883b5748bf3631ac2e0d43bf0d6f6cbcd16b,93,28805,missing
0x6a57883b5748bf3631ac2e0d43bf0d6f6cbcd16b,97,28641,missing
0x6a57883b5748bf3631ac2e0d43bf0d6f6cbcd16b,count,13,0,-13
0x6Aac8CB9861E42bf8259F5AbDC6aE3Ae89909E11,1,51966,missing
0x6Aac8CB9861E42bf8259F5AbDC6aE3Ae89909E11,2,51966,missing
0x6Aac8CB9861E42bf8259F5AbDC6aE3Ae89909E11,3,51966,missing
0x6Aac8CB9861E42bf8259F5AbDC6aE3Ae89909E11,4,51966,missing
0x6Aac8CB9861E42bf8259F5AbDC6aE3Ae89909E11,5,51966,missing
0x6Aac8CB9861E42bf8259F5AbDC6aE3Ae89909E11,10,24006,28421,4415
0x6Aac8CB9861E42bf8259F5AbDC6aE3Ae89909E11,11,24006,28421,4415
0x6Aac8CB9861E42bf8259F5AbDC6aE3Ae89909E11,12,51966,missing
0x6Aac8CB9861E42bf8259F5AbDC6aE3Ae89909E11,13,51966,missing
0x6Aac8CB9861E42bf8259F5AbDC6aE3Ae89909E11,14,51966,missing
0x6Aac8CB9861E42bf8259F5AbDC6aE3Ae89909E11,15,24006,28421,4415
0x6Aac8CB9861E42bf8259F5AbDC6aE3Ae89909E11,16,54023,missing
0x6Aac8CB9861E42bf8259F5AbDC6aE3Ae89909E11,17,1191408,missing
0x6Aac8CB9861E42bf8259F5AbDC6aE3Ae89909E11,18,1677802,missing
0x6Aac8CB9861E42bf8259F5AbDC6aE3Ae89909E11,19,24006,28421,4415
0x6Aac8CB9861E42bf8259F5AbDC6aE3Ae89909E11,20,2531798,missing
0x6Aac8CB9861E42bf8259F5AbDC6aE3Ae89909E11,21,24006,28421,4415
0x6Aac8CB9861E42bf8259F5AbDC6aE3Ae89909E11,22,2397684,missing
0x6Aac8CB9861E42bf8259F5AbDC6aE3Ae89909E11,23,2365939,missing
0x6Aac8CB9861E42bf8259F5AbDC6aE3Ae89909E11,24,2523804,missing
0x6Aac8CB9861E42bf8259F5AbDC6aE3Ae89909E11,25,2523780,missing
0x6Aac8CB9861E42bf8259F5AbDC6aE3Ae89909E11,26,2498518,missing
0x6Aac8CB9861E42bf8259F5AbDC6aE3Ae89909E11,28,2498566,missing
0x6Aac8CB9861E42bf8259F5AbDC6aE3Ae89909E11,29,2473387,missing
0x6Aac8CB9861E42bf8259F5AbDC6aE3Ae89909E11,30,2498542,missing
0x6Aac8CB9861E42bf8259F5AbDC6aE3Ae89909E11,31,2498422,missing
0x6Aac8CB9861E42bf8259F5AbDC6aE3Ae89909E11,32,2523744,missing
0x6Aac8CB9861E42bf8259F5AbDC6aE3Ae89909E11,33,30066,missing
0x6Aac8CB9861E42bf8259F5AbDC6aE3Ae89909E11,34,30066,missing
0x6Aac8CB9861E42bf8259F5AbDC6aE3Ae89909E11,35,280841,missing
0x6Aac8CB9861E42bf8259F5AbDC6aE3Ae89909E11,36,47166,missing
0x6Aac8CB9861E42bf8259F5AbDC6aE3Ae89909E11,37,532850,missing
0x6Aac8CB9861E42bf8259F5AbDC6aE3Ae89909E11,38,46061,missing
0x6Aac8CB9861E42bf8259F5AbDC6aE3Ae89909E11,39,490560,missing
0x6Aac8CB9861E42bf8259F5AbDC6aE3Ae89909E11,40,280841,missing
0x6Aac8CB9861E42bf8259F5AbDC6aE3Ae89909E11,41,30066,missing
0x6Aac8CB9861E42bf8259F5AbDC6aE3Ae89909E11,42,30066,missing
0x6Aac8CB9861E42bf8259F5AbDC6aE3Ae89909E11,43,30066,missing
0x6Aac8CB9861E42bf8259F5AbDC6aE3Ae89909E11,44,30066,missing
0x6Aac8CB9861E42bf8259F5AbDC6aE3Ae89909E11,45,30066,missing
0x6Aac8CB9861E42bf8259F5AbDC6aE3Ae89909E11,46,280817,missing
0x6Aac8CB9861E42bf8259F5AbDC6aE3Ae89909E11,47,280829,missing
0x6Aac8CB9861E42bf8259F5AbDC6aE3Ae89909E11,48,255639,missing
0x6Aac8CB9861E42bf8259F5AbDC6aE3Ae89909E11,49,46061,missing
0x6Aac8CB9861E42bf8259F5AbDC6aE3Ae89909E11,50,46061,missing
0x6Aac8CB9861E42bf8259F5AbDC6aE3Ae89909E11,51,1666912,missing
0x6Aac8CB9861E42bf8259F5AbDC6aE3Ae89909E11,52,2387767,missing
0x6Aac8CB9861E42bf8259F5AbDC6aE3Ae89909E11,53,2472480,missing
0x6Aac8CB9861E42bf8259F5AbDC6aE3Ae89909E11,54,30066,missing
0x6Aac8CB9861E42bf8259F5AbDC6aE3Ae89909E11,55,46061,missing
0x6Aac8CB9861E42bf8259F5AbDC6aE3Ae89909E11,56,46061,missing
0x6Aac8CB9861E42bf8259F5AbDC6aE3Ae89909E11,57,51966,missing
0x6Aac8CB9861E42bf8259F5AbDC6aE3Ae89909E11,58,46061,missing
0x6Aac8CB9861E42bf8259F5AbDC6aE3Ae89909E11,59,30066,missing
0x6Aac8CB9861E42bf8259F5AbDC6aE3Ae89909E11,60,46061,missing
0x6Aac8CB9861E42bf8259F5AbDC6aE3Ae89909E11,61,46061,missing
0x6Aac8CB9861E42bf8259F5AbDC6aE3Ae89909E11,62,46061,missing
0x6Aac8CB9861E42bf8259F5AbDC6aE3Ae89909E11,63,24375,missing
0x6Aac8CB9861E42bf8259F5AbDC6aE3Ae89909E11,64,47166,missing
0x6Aac8CB9861E42bf8259F5AbDC6aE3Ae89909E11,65,46061,missing
0x6Aac8CB9861E42bf8259F5AbDC6aE3Ae89909E11,66,30066,missing
0x6Aac8CB9861E42bf8259F5AbDC6aE3Ae89909E11,67,26161,missing
0x6Aac8CB9861E42bf8259F5AbDC6aE3Ae89909E11,68,47166,missing
0x6Aac8CB9861E42bf8259F5AbDC6aE3Ae89909E11,69,30066,missing
0x6Aac8CB9861E42bf8259F5AbDC6aE3Ae89909E11,70,30066,missing
0x6Aac8CB9861E42bf8259F5AbDC6aE3Ae89909E11,71,30066,missing
0x6Aac8CB9861E42bf8259F5AbDC6aE3Ae89909E11,72,47166,missing
0x6Aac8CB9861E42bf8259F5AbDC6aE3Ae89909E11,73,27266,missing
0x6Aac8CB9861E42bf8259F5AbDC6aE3Ae89909E11,74,2190718,missing
0x6Aac8CB9861E42bf8259F5AbDC6aE3Ae89909E11,75,47166,missing
0x6Aac8CB9861E42bf8259F5AbDC6aE3Ae89909E11,76,47166,missing
0x6Aac8CB9861E42bf8259F5AbDC6aE3Ae89909E11,77,2352744,missing
0x6Aac8CB9861E42bf8259F5AbDC6aE3Ae89909E11,78,30066,missing
0x6Aac8CB9861E42bf8259F5AbDC6aE3Ae89909E11,79,46061,missing
0x6Aac8CB9861E42bf8259F5AbDC6aE3Ae89909E11,80,2395918,missing
0x6Aac8CB9861E42bf8259F5AbDC6aE3Ae89909E11,81,2497658,missing
0x6Aac8CB9861E42bf8259F5AbDC6aE3Ae89909E11,82,30066,missing
0x6Aac8CB9861E42bf8259F5AbDC6aE3Ae89909E11,83,47154,missing
0x6Aac8CB9861E42bf8259F5AbDC6aE3Ae89909E11,84,46073,missing
0x6Aac8CB9861E42bf8259F5AbDC6aE3Ae89909E11,85,46061,missing
0x6Aac8CB9861E42bf8259F5AbDC6aE3Ae89909E11,86,46061,missing
0x6Aac8CB9861E42bf8259F5AbDC6aE3Ae89909E11,87,30066,missing
0x6Aac8CB9861E42bf8259F5AbDC6aE3Ae89909E11,88,30066,missing
0x6Aac8CB9861E42bf8259F5AbDC6aE3Ae89909E11,89,2463446,missing
0x6Aac8CB9861E42bf8259F5AbDC6aE3Ae89909E11,90,1481487,missing
0x6Aac8CB9861E42bf8259F5AbDC6aE3Ae89909E11,91,30066,missing
0x6Aac8CB9861E42bf8259F5AbDC6aE3Ae89909E11,92,30066,missing
0x6Aac8CB9861E42bf8259F5AbDC6aE3Ae89909E11,93,30066,missing
0x6Aac8CB9861E42bf8259F5AbDC6aE3Ae89909E11,94,46061,missing
0x6Aac8CB9861E42bf8259F5AbDC6aE3Ae89909E11,95,51966,missing
0x6Aac8CB9861E42bf8259F5AbDC6aE3Ae89909E11,96,47166,missing
0x6Aac8CB9861E42bf8259F5AbDC6aE3Ae89909E11,97,30066,missing
0x6Aac8CB9861E42bf8259F5AbDC6aE3Ae89909E11,98,47166,missing
0x6Aac8CB9861E42bf8259F5AbDC6aE3Ae89909E11,99,24375,missing
0x6Aac8CB9861E42bf8259F5AbDC6aE3Ae89909E11,100,30066,missing
0x6Aac8CB9861E42bf8259F5AbDC6aE3Ae89909E11,101,46061,missing
0x6Aac8CB9861E42bf8259F5AbDC6aE3Ae89909E11,102,30066,missing
0x6Aac8CB9861E42bf8259F5AbDC6aE3Ae89909E11,103,30066,missing
0x6Aac8CB9861E42bf8259F5AbDC6aE3Ae89909E11,104,30066,missing
0x6Aac8CB9861E42bf8259F5AbDC6aE3Ae89909E11,105,30066,missing
0x6Aac8CB9861E42bf8259F5AbDC6aE3Ae89909E11,106,30066,missing
0x6Aac8CB9861E42bf8259F5AbDC6aE3Ae89909E11,107,30066,missing
0x6Aac8CB9861E42bf8259F5AbDC6aE3Ae89909E11,108,30066,missing
0x6Aac8CB9861E42bf8259F5AbDC6aE3Ae89909E11,109,30066,missing
0x6Aac8CB9861E42bf8259F5AbDC6aE3Ae89909E11,110,30066,missing
0x6Aac8CB9861E42bf8259F5AbDC6aE3Ae89909E11,111,30066,missing
0x6Aac8CB9861E42bf8259F5AbDC6aE3Ae89909E11,112,30066,missing
0x6Aac8CB9861E42bf8259F5AbDC6aE3Ae89909E11,113,30066,missing
0x6Aac8CB9861E42bf8259F5AbDC6aE3Ae89909E11,114,30066,missing
0x6Aac8CB9861E42bf8259F5AbDC6aE3Ae89909E11,115,30066,missing
0x6Aac8CB9861E42bf8259F5AbDC6aE3Ae89909E11,116,30066,missing
0x6Aac8CB9861E42bf8259F5AbDC6aE3Ae89909E11,117,30066,missing
0x6Aac8CB9861E42bf8259F5AbDC6aE3Ae89909E11,118,30066,missing
0x6Aac8CB9861E42bf8259F5AbDC6aE3Ae89909E11,119,30066,missing
0x6Aac8CB9861E42bf8259F5AbDC6aE3Ae89909E11,120,30066,missing
0x6Aac8CB9861E42bf8259F5AbDC6aE3Ae89909E11,121,30066,missing
0x6Aac8CB9861E42bf8259F5AbDC6aE3Ae89909E11,122,30066,missing
0x6Aac8CB9861E42bf8259F5AbDC6aE3Ae89909E11,123,30066,missing
0x6Aac8CB9861E42bf8259F5AbDC6aE3Ae89909E11,124,30066,missing
0x6Aac8CB9861E42bf8259F5AbDC6aE3Ae89909E11,125,30066,missing
0x6Aac8CB9861E42bf8259F5AbDC6aE3Ae89909E11,126,46061,missing
0x6Aac8CB9861E42bf8259F5AbDC6aE3Ae89909E11,127,30066,missing
0x6Aac8CB9861E42bf8259F5AbDC6aE3Ae89909E11,128,30066,missing
0x6Aac8CB9861E42bf8259F5AbDC6aE3Ae89909E11,129,30066,missing
0x6Aac8CB9861E42bf8259F5AbDC6aE3Ae89909E11,130,30066,missing
0x6Aac8CB9861E42bf8259F5AbDC6aE3Ae89909E11,131,30066,missing
0x6Aac8CB9861E42bf8259F5AbDC6aE3Ae89909E11,132,30066,missing
0x6Aac8CB9861E42bf8259F5AbDC6aE3Ae89909E11,133,30066,missing
0x6Aac8CB9861E42bf8259F5AbDC6aE3Ae89909E11,134,46061,missing
0x6Aac8CB9861E42bf8259F5AbDC6aE3Ae89909E11,135,30066,missing
0x6Aac8CB9861E42bf8259F5AbDC6aE3Ae89909E11,136,30066,missing
0x6Aac8CB9861E42bf8259F5AbDC6aE3Ae89909E11,137,30066,missing
0x6Aac8CB9861E42bf8259F5AbDC6aE3Ae89909E11,138,46061,missing
0x6Aac8CB9861E42bf8259F5AbDC6aE3Ae89909E11,139,30066,missing
0x6Aac8CB9861E42bf8259F5AbDC6aE3Ae89909E11,140,30066,missing
0x6Aac8CB9861E42bf8259F5AbDC6aE3Ae89909E11,141,30066,missing
0x6Aac8CB9861E42bf8259F5AbDC6aE3Ae89909E11,142,30066,missing
0x6Aac8CB9861E42bf8259F5AbDC6aE3Ae89909E11,143,30066,missing
0x6Aac8CB9861E42bf8259F5AbDC6aE3Ae89909E11,144,30066,missing
0x6Aac8CB9861E42bf8259F5AbDC6aE3Ae89909E11,145,30066,missing
0x6Aac8CB9861E42bf8259F5AbDC6aE3Ae89909E11,146,30066,missing
0x6Aac8CB9861E42bf8259F5AbDC6aE3Ae89909E11,147,30066,missing
0x6Aac8CB9861E42bf8259F5AbDC6aE3Ae89909E11,148,46061,missing
0x6Aac8CB9861E42bf8259F5AbDC6aE3Ae89909E11,149,30066,missing
0x6Aac8CB9861E42bf8259F5AbDC6aE3Ae89909E11,150,30066,missing
0x6Aac8CB9861E42bf8259F5AbDC6aE3Ae89909E11,151,30066,missing
0x6Aac8CB9861E42bf8259F5AbDC6aE3Ae89909E11,152,30066,missing
0x6Aac8CB9861E42bf8259F5AbDC6aE3Ae89909E11,153,46061,missing
0x6Aac8CB9861E42bf8259F5AbDC6aE3Ae89909E11,154,30066,missing
0x6Aac8CB9861E42bf8259F5AbDC6aE3Ae89909E11,155,30066,missing
0x6Aac8CB9861E42bf8259F5AbDC6aE3Ae89909E11,156,30066,missing
0x6Aac8CB9861E42bf8259F5AbDC6aE3Ae89909E11,157,30066,missing
0x6Aac8CB9861E42bf8259F5AbDC6aE3Ae89909E11,158,30066,missing
0x6Aac8CB9861E42bf8259F5AbDC6aE3Ae89909E11,159,30066,missing
0x6Aac8CB9861E42bf8259F5AbDC6aE3Ae89909E11,160,30066,missing
0x6Aac8CB9861E42bf8259F5AbDC6aE3Ae89909E11,161,30066,missing
0x6Aac8CB9861E42bf8259F5AbDC6aE3Ae89909E11,162,30066,missing
0x6Aac8CB9861E42bf8259F5AbDC6aE3Ae89909E11,163,30066,missing
0x6Aac8CB9861E42bf8259F5AbDC6aE3Ae89909E11,164,30066,missing
0x6Aac8CB9861E42bf8259F5AbDC6aE3Ae89909E11,165,30066,missing
0x6Aac8CB9861E42bf8259F5AbDC6aE3Ae89909E11,166,30066,missing
0x6Aac8CB9861E42bf8259F5AbDC6aE3Ae89909E11,167,30066,missing
0x6Aac8CB9861E42bf8259F5AbDC6aE3Ae89909E11,168,30066,missing
0x6Aac8CB9861E42bf8259F5AbDC6aE3Ae89909E11,169,46061,missing
0x6Aac8CB9861E42bf8259F5AbDC6aE3Ae89909E11,170,46061,missing
0x6Aac8CB9861E42bf8259F5AbDC6aE3Ae89909E11,171,30066,missing
0x6Aac8CB9861E42bf8259F5AbDC6aE3Ae89909E11,172,30066,missing
0x6Aac8CB9861E42bf8259F5AbDC6aE3Ae89909E11,173,30066,missing
0x6Aac8CB9861E42bf8259F5AbDC6aE3Ae89909E11,174,30066,missing
0x6Aac8CB9861E42bf8259F5AbDC6aE3Ae89909E11,175,30066,missing
0x6Aac8CB9861E42bf8259F5AbDC6aE3Ae89909E11,176,30066,missing
0x6Aac8CB9861E42bf8259F5AbDC6aE3Ae89909E11,177,30066,missing
0x6Aac8CB9861E42bf8259F5AbDC6aE3Ae89909E11,178,46061,missing
0x6Aac8CB9861E42bf8259F5AbDC6aE3Ae89909E11,179,30066,missing
0x6Aac8CB9861E42bf8259F5AbDC6aE3Ae89909E11,180,46061,missing
0x6Aac8CB9861E42bf8259F5AbDC6aE3Ae89909E11,181,47166,missing
0x6Aac8CB9861E42bf8259F5AbDC6aE3Ae89909E11,182,46061,missing
0x6Aac8CB9861E42bf8259F5AbDC6aE3Ae89909E11,183,46061,missing
0x6Aac8CB9861E42bf8259F5AbDC6aE3Ae89909E11,184,30066,missing
0x6Aac8CB9861E42bf8259F5AbDC6aE3Ae89909E11,185,30066,missing
0x6Aac8CB9861E42bf8259F5AbDC6aE3Ae89909E11,186,30066,missing
0x6Aac8CB9861E42bf8259F5AbDC6aE3Ae89909E11,187,30066,missing
0x6Aac8CB9861E42bf8259F5AbDC6aE3Ae89909E11,188,46061,missing
0x6Aac8CB9861E42bf8259F5AbDC6aE3Ae89909E11,189,46061,missing
0x6Aac8CB9861E42bf8259F5AbDC6aE3Ae89909E11,190,47166,missing
0x6Aac8CB9861E42bf8259F5AbDC6aE3Ae89909E11,191,46061,missing
0x6Aac8CB9861E42bf8259F5AbDC6aE3Ae89909E11,192,46061,missing
0x6Aac8CB9861E42bf8259F5AbDC6aE3Ae89909E11,193,47166,missing
0x6Aac8CB9861E42bf8259F5AbDC6aE3Ae89909E11,194,30066,missing
0x6Aac8CB9861E42bf8259F5AbDC6aE3Ae89909E11,195,46061,missing
0x6Aac8CB9861E42bf8259F5AbDC6aE3Ae89909E11,196,46061,missing
0x6Aac8CB9861E42bf8259F5AbDC6aE3Ae89909E11,197,46061,missing
0x6Aac8CB9861E42bf8259F5AbDC6aE3Ae89909E11,198,46061,missing
0x6Aac8CB9861E42bf8259F5AbDC6aE3Ae89909E11,199,46061,missing
0x6Aac8CB9861E42bf8259F5AbDC6aE3Ae89909E11,200,30066,missing
0x6Aac8CB9861E42bf8259F5AbDC6aE3Ae89909E11,201,30066,missing
0x6Aac8CB9861E42bf8259F5AbDC6aE3Ae89909E11,202,30066,missing
0x6Aac8CB9861E42bf8259F5AbDC6aE3Ae89909E11,203,30066,missing
0x6Aac8CB9861E42bf8259F5AbDC6aE3Ae89909E11,204,30066,missing
0x6Aac8CB9861E42bf8259F5AbDC6aE3Ae89909E11,205,30066,missing
0x6Aac8CB9861E42bf8259F5AbDC6aE3Ae89909E11,206,30066,missing
0x6Aac8CB9861E42bf8259F5AbDC6aE3Ae89909E11,207,30066,missing
0x6Aac8CB9861E42bf8259F5AbDC6aE3Ae89909E11,208,30066,missing
0x6Aac8CB9861E42bf8259F5AbDC6aE3Ae89909E11,209,30066,missing
0x6Aac8CB9861E42bf8259F5AbDC6aE3Ae89909E11,210,30066,missing
0x6Aac8CB9861E42bf8259F5AbDC6aE3Ae89909E11,211,30066,missing
0x6Aac8CB9861E42bf8259F5AbDC6aE3Ae89909E11,212,30066,missing
0x6Aac8CB9861E42bf8259F5AbDC6aE3Ae89909E11,213,47166,missing
0x6Aac8CB9861E42bf8259F5AbDC6aE3Ae89909E11,214,46061,missing
0x6Aac8CB9861E42bf8259F5AbDC6aE3Ae89909E11,215,47166,missing
0x6Aac8CB9861E42bf8259F5AbDC6aE3Ae89909E11,216,46061,missing
0x6Aac8CB9861E42bf8259F5AbDC6aE3Ae89909E11,217,910846,missing
0x6Aac8CB9861E42bf8259F5AbDC6aE3Ae89909E11,218,2649756,missing
0x6Aac8CB9861E42bf8259F5AbDC6aE3Ae89909E11,219,2498566,missing
0x6Aac8CB9861E42bf8259F5AbDC6aE3Ae89909E11,220,2574161,missing
0x6Aac8CB9861E42bf8259F5AbDC6aE3Ae89909E11,221,1515735,missing
0x6Aac8CB9861E42bf8259F5AbDC6aE3Ae89909E11,222,47166,missing
0x6Aac8CB9861E42bf8259F5AbDC6aE3Ae89909E11,223,2498602,missing
0x6Aac8CB9861E42bf8259F5AbDC6aE3Ae89909E11,224,30066,missing
0x6Aac8CB9861E42bf8259F5AbDC6aE3Ae89909E11,225,30066,missing
0x6Aac8CB9861E42bf8259F5AbDC6aE3Ae89909E11,226,46061,missing
0x6Aac8CB9861E42bf8259F5AbDC6aE3Ae89909E11,227,2523780,missing
0x6Aac8CB9861E42bf8259F5AbDC6aE3Ae89909E11,228,1792912,missing
0x6Aac8CB9861E42bf8259F5AbDC6aE3Ae89909E11,229,2750542,missing
0x6Aac8CB9861E42bf8259F5AbDC6aE3Ae89909E11,230,2548958,missing
0x6Aac8CB9861E42bf8259F5AbDC6aE3Ae89909E11,231,2523708,missing
0x6Aac8CB9861E42bf8259F5AbDC6aE3Ae89909E11,232,47166,missing
0x6Aac8CB9861E42bf8259F5AbDC6aE3Ae89909E11,233,1490521,missing
0x6Aac8CB9861E42bf8259F5AbDC6aE3Ae89909E11,234,2700137,missing
0x6Aac8CB9861E42bf8259F5AbDC6aE3Ae89909E11,235,2019733,missing
0x6Aac8CB9861E42bf8259F5AbDC6aE3Ae89909E11,236,46061,missing
0x6Aac8CB9861E42bf8259F5AbDC6aE3Ae89909E11,237,30066,missing
0x6Aac8CB9861E42bf8259F5AbDC6aE3Ae89909E11,238,47166,missing
0x6Aac8CB9861E42bf8259F5AbDC6aE3Ae89909E11,239,46061,missing
0x6Aac8CB9861E42bf8259F5AbDC6aE3Ae89909E11,240,47166,missing
0x6Aac8CB9861E42bf8259F5AbDC6aE3Ae89909E11,241,30066,missing
0x6Aac8CB9861E42bf8259F5AbDC6aE3Ae89909E11,242,30066,missing
0x6Aac8CB9861E42bf8259F5AbDC6aE3Ae89909E11,243,46061,missing
0x6Aac8CB9861E42bf8259F5AbDC6aE3Ae89909E11,244,46061,missing
0x6Aac8CB9861E42bf8259F5AbDC6aE3Ae89909E11,245,46061,missing
0x6Aac8CB9861E42bf8259F5AbDC6aE3Ae89909E11,246,26161,missing
0x6Aac8CB9861E42bf8259F5AbDC6aE3Ae89909E11,247,46061,missing
0x6Aac8CB9861E42bf8259F5AbDC6aE3Ae89909E11,248,30066,missing
0x6Aac8CB9861E42bf8259F5AbDC6aE3Ae89909E11,249,30066,missing
0x6Aac8CB9861E42bf8259F5AbDC6aE3Ae89909E11,250,47166,missing
0x6Aac8CB9861E42bf8259F5AbDC6aE3Ae89909E11,251,30054,missing
0x6Aac8CB9861E42bf8259F5AbDC6aE3Ae89909E11,252,30066,missing
0x6Aac8CB9861E42bf8259F5AbDC6aE3Ae89909E11,253,30054,missing
0x6Aac8CB9861E42bf8259F5AbDC6aE3Ae89909E11,254,30054,missing
0x6Aac8CB9861E42bf8259F5AbDC6aE3Ae89909E11,255,46061,missing
0x6Aac8CB9861E42bf8259F5AbDC6aE3Ae89909E11,256,30066,missing
0x6Aac8CB9861E42bf8259F5AbDC6aE3Ae89909E11,257,30054,missing
0x6Aac8CB9861E42bf8259F5AbDC6aE3Ae89909E11,258,30054,missing
0x6Aac8CB9861E42bf8259F5AbDC6aE3Ae89909E11,259,30054,missing
0x6Aac8CB9861E42bf8259F5AbDC6aE3Ae89909E11,260,30054,missing
0x6Aac8CB9861E42bf8259F5AbDC6aE3Ae89909E11,261,30066,missing
0x6Aac8CB9861E42bf8259F5AbDC6aE3Ae89909E11,262,30066,missing
0x6Aac8CB9861E42bf8259F5AbDC6aE3Ae89909E11,263,30054,missing
0x6Aac8CB9861E42bf8259F5AbDC6aE3Ae89909E11,264,30054,missing
0x6Aac8CB9861E42bf8259F5AbDC6aE3Ae89909E11,265,30066,missing
0x6Aac8CB9861E42bf8259F5AbDC6aE3Ae89909E11,266,46061,missing
0x6Aac8CB9861E42bf8259F5AbDC6aE3Ae89909E11,267,30066,missing
0x6Aac8CB9861E42bf8259F5AbDC6aE3Ae89909E11,268,30054,missing
0x6Aac8CB9861E42bf8259F5AbDC6aE3Ae89909E11,269,30066,missing
0x6Aac8CB9861E42bf8259F5AbDC6aE3Ae89909E11,270,30054,missing
0x6Aac8CB9861E42bf8259F5AbDC6aE3Ae89909E11,271,30066,missing
0x6Aac8CB9861E42bf8259F5AbDC6aE3Ae89909E11,272,51954,missing
0x6Aac8CB9861E42bf8259F5AbDC6aE3Ae89909E11,273,30066,missing
0x6Aac8CB9861E42bf8259F5AbDC6aE3Ae89909E11,274,30066,missing
0x6Aac8CB9861E42bf8259F5AbDC6aE3Ae89909E11,275,46073,missing
0x6Aac8CB9861E42bf8259F5AbDC6aE3Ae89909E11,276,30066,missing
0x6Aac8CB9861E42bf8259F5AbDC6aE3Ae89909E11,277,30066,missing
0x6Aac8CB9861E42bf8259F5AbDC6aE3Ae89909E11,278,30066,missing
0x6Aac8CB9861E42bf8259F5AbDC6aE3Ae89909E11,279,30066,missing
0x6Aac8CB9861E42bf8259F5AbDC6aE3Ae89909E11,280,30066,missing
0x6Aac8CB9861E42bf8259F5AbDC6aE3Ae89909E11,281,30066,missing
0x6Aac8CB9861E42bf8259F5AbDC6aE3Ae89909E11,282,28961,missing
0x6Aac8CB9861E42bf8259F5AbDC6aE3Ae89909E11,283,30066,missing
0x6Aac8CB9861E42bf8259F5AbDC6aE3Ae89909E11,284,30066,missing
0x6Aac8CB9861E42bf8259F5AbDC6aE3Ae89909E11,285,30066,missing
0x6Aac8CB9861E42bf8259F5AbDC6aE3Ae89909E11,286,30066,missing
0x6Aac8CB9861E42bf8259F5AbDC6aE3Ae89909E11,287,30054,missing
0x6Aac8CB9861E42bf8259F5AbDC6aE3Ae89909E11,288,30066,missing
0x6Aac8CB9861E42bf8259F5AbDC6aE3Ae89909E11,289,30066,missing
0x6Aac8CB9861E42bf8259F5AbDC6aE3Ae89909E11,290,30066,missing
0x6Aac8CB9861E42bf8259F5AbDC6aE3Ae89909E11,291,30054,missing
0x6Aac8CB9861E42bf8259F5AbDC6aE3Ae89909E11,292,30066,missing
0x6Aac8CB9861E42bf8259F5AbDC6aE3Ae89909E11,293,30066,missing
0x6Aac8CB9861E42bf8259F5AbDC6aE3Ae89909E11,294,30054,missing
0x6Aac8CB9861E42bf8259F5AbDC6aE3Ae89909E11,295,30066,missing
0x6Aac8CB9861E42bf8259F5AbDC6aE3Ae89909E11,296,30066,missing
0x6Aac8CB9861E42bf8259F5AbDC6aE3Ae89909E11,297,30066,missing
0x6Aac8CB9861E42bf8259F5AbDC6aE3Ae89909E11,298,28973,missing
0x6Aac8CB9861E42bf8259F5AbDC6aE3Ae89909E11,299,28961,missing
0x6Aac8CB9861E42bf8259F5AbDC6aE3Ae89909E11,300,46061,missing
0x6Aac8CB9861E42bf8259F5AbDC6aE3Ae89909E11,301,26161,missing
0x6Aac8CB9861E42bf8259F5AbDC6aE3Ae89909E11,302,46061,missing
0x6Aac8CB9861E42bf8259F5AbDC6aE3Ae89909E11,count,297,8,-289
0x6Aac8CB9861E42bf8259F5AbDC6aE3Ae89909E11,6,missing,40061
0x6Aac8CB9861E42bf8259F5AbDC6aE3Ae89909E11,7,missing,40061
0x6Aac8CB9861E42bf8259F5AbDC6aE3Ae89909E11,8,missing,40061
0xcb58a0bddb9c972d1020d3f9e94c3401960a12d8,3,120391,missing
0xcb58a0bddb9c972d1020d3f9e94c3401960a12d8,4,35268,missing
0xcb58a0bddb9c972d1020d3f9e94c3401960a12d8,5,46391,missing
0xcb58a0bddb9c972d1020d3f9e94c3401960a12d8,42,35227,missing
0xcb58a0bddb9c972d1020d3f9e94c3401960a12d8,count,4,0,-4
0x9D5bd53fc23D6485A80B9879097E67a797365Ca5,count,0,0,0
0xe82f0742a71a02b9e9ffc142fdcb6eb1ed06fb87,1,21040,40061,19021
0xe82f0742a71a02b9e9ffc142fdcb6eb1ed06fb87,2,21220,28153,6933
0xe82f0742a71a02b9e9ffc142fdcb6eb1ed06fb87,count,2,2,0
0xC1E2097d788d33701BA3Cc2773BF67155ec93FC4,1,68086,28529,-39557
0xC1E2097d788d33701BA3Cc2773BF67155ec93FC4,2,56801,missing
0xC1E2097d788d33701BA3Cc2773BF67155ec93FC4,3,56789,missing
0xC1E2097d788d33701BA3Cc2773BF67155ec93FC4,4,56777,missing
0xC1E2097d788d33701BA3Cc2773BF67155ec93FC4,5,56789,missing
0xC1E2097d788d33701BA3Cc2773BF67155ec93FC4,6,56789,missing
0xC1E2097d788d33701BA3Cc2773BF67155ec93FC4,7,56777,missing
0xC1E2097d788d33701BA3Cc2773BF67155ec93FC4,8,56789,missing
0xC1E2097d788d33701BA3Cc2773BF67155ec93FC4,9,56789,missing
0xC1E2097d788d33701BA3Cc2773BF67155ec93FC4,10,56789,missing
0xC1E2097d788d33701BA3Cc2773BF67155ec93FC4,11,56777,missing
0xC1E2097d788d33701BA3Cc2773BF67155ec93FC4,12,56777,missing
0xC1E2097d788d33701BA3Cc2773BF67155ec93FC4,13,56777,missing
0xC1E2097d788d33701BA3Cc2773BF67155ec93FC4,14,56777,missing
0xC1E2097d788d33701BA3Cc2773BF67155ec93FC4,15,56777,missing
0xC1E2097d788d33701BA3Cc2773BF67155ec93FC4,16,56801,missing
0xC1E2097d788d33701BA3Cc2773BF67155ec93FC4,17,56801,missing
0xC1E2097d788d33701BA3Cc2773BF67155ec93FC4,18,56801,missing
0xC1E2097d788d33701BA3Cc2773BF67155ec93FC4,19,56801,missing
0xC1E2097d788d33701BA3Cc2773BF67155ec93FC4,20,56789,missing
0xC1E2097d788d33701BA3Cc2773BF67155ec93FC4,21,56801,missing
0xC1E2097d788d33701BA3Cc2773BF67155ec93FC4,22,56777,missing
0xC1E2097d788d33701BA3Cc2773BF67155ec93FC4,23,56777,missing
0xC1E2097d788d33701BA3Cc2773BF67155ec93FC4,24,56777,missing
0xC1E2097d788d33701BA3Cc2773BF67155ec93FC4,25,56777,missing
0xC1E2097d788d33701BA3Cc2773BF67155ec93FC4,26,56789,missing
0xC1E2097d788d33701BA3Cc2773BF67155ec93FC4,27,39701,missing
0xC1E2097d788d33701BA3Cc2773BF67155ec93FC4,28,39677,missing
0xC1E2097d788d33701BA3Cc2773BF67155ec93FC4,30,56813,missing
0xC1E2097d788d33701BA3Cc2773BF67155ec93FC4,31,34913,missing
0xC1E2097d788d33701BA3Cc2773BF67155ec93FC4,32,56813,missing
0xC1E2097d788d33701BA3Cc2773BF67155ec93FC4,33,56813,missing
0xC1E2097d788d33701BA3Cc2773BF67155ec93FC4,35,56789,missing
0xC1E2097d788d33701BA3Cc2773BF67155ec93FC4,36,56705,missing
0xC1E2097d788d33701BA3Cc2773BF67155ec93FC4,37,39605,missing
0xC1E2097d788d33701BA3Cc2773BF67155ec93FC4,38,39605,missing
0xC1E2097d788d33701BA3Cc2773BF67155ec93FC4,39,39605,missing
0xC1E2097d788d33701BA3Cc2773BF67155ec93FC4,40,39605,missing
0xC1E2097d788d33701BA3Cc2773BF67155ec93FC4,41,39605,missing
0xC1E2097d788d33701BA3Cc2773BF67155ec93FC4,42,39605,missing
0xC1E2097d788d33701BA3Cc2773BF67155ec93FC4,43,39605,missing
0xC1E2097d788d33701BA3Cc2773BF67155ec93FC4,44,39605,missing
0xC1E2097d788d33701BA3Cc2773BF67155ec93FC4,45,39605,missing
0xC1E2097d788d33701BA3Cc2773BF67155ec93FC4,46,39605,missing
0xC1E2097d788d33701BA3Cc2773BF67155ec93FC4,47,39605,missing
0xC1E2097d788d33701BA3Cc2773BF67155ec93FC4,48,39605,missing
0xC1E2097d788d33701BA3Cc2773BF67155ec93FC4,49,39605,missing
0xC1E2097d788d33701BA3Cc2773BF67155ec93FC4,50,39605,missing
0xC1E2097d788d33701BA3Cc2773BF67155ec93FC4,51,39605,missing
0xC1E2097d788d33701BA3Cc2773BF67155ec93FC4,52,39665,missing
0xC1E2097d788d33701BA3Cc2773BF67155ec93FC4,53,39665,missing
0xC1E2097d788d33701BA3Cc2773BF67155ec93FC4,54,39677,missing
0xC1E2097d788d33701BA3Cc2773BF67155ec93FC4,55,39665,missing
0xC1E2097d788d33701BA3Cc2773BF67155ec93FC4,56,39665,missing
0xC1E2097d788d33701BA3Cc2773BF67155ec93FC4,57,39665,missing
0xC1E2097d788d33701BA3Cc2773BF67155ec93FC4,58,39665,missing
0xC1E2097d788d33701BA3Cc2773BF67155ec93FC4,59,39665,missing
0xC1E2097d788d33701BA3Cc2773BF67155ec93FC4,60,39689,missing
0xC1E2097d788d33701BA3Cc2773BF67155ec93FC4,61,39689,missing
0xC1E2097d788d33701BA3Cc2773BF67155ec93FC4,62,48233,missing
0xC1E2097d788d33701BA3Cc2773BF67155ec93FC4,63,48245,missing
0xC1E2097d788d33701BA3Cc2773BF67155ec93FC4,64,48245,missing
0xC1E2097d788d33701BA3Cc2773BF67155ec93FC4,65,48245,missing
0xC1E2097d788d33701BA3Cc2773BF67155ec93FC4,66,48245,missing
0xC1E2097d788d33701BA3Cc2773BF67155ec93FC4,67,48245,missing
0xC1E2097d788d33701BA3Cc2773BF67155ec93FC4,68,48245,missing
0xC1E2097d788d33701BA3Cc2773BF67155ec93FC4,69,28345,missing
0xC1E2097d788d33701BA3Cc2773BF67155ec93FC4,70,48245,missing
0xC1E2097d788d33701BA3Cc2773BF67155ec93FC4,71,48245,missing
0xC1E2097d788d33701BA3Cc2773BF67155ec93FC4,72,48245,missing
0xC1E2097d788d33701BA3Cc2773BF67155ec93FC4,73,48233,missing
0xC1E2097d788d33701BA3Cc2773BF67155ec93FC4,74,48245,missing
0xC1E2097d788d33701BA3Cc2773BF67155ec93FC4,75,48245,missing
0xC1E2097d788d33701BA3Cc2773BF67155ec93FC4,76,48245,missing
0xC1E2097d788d33701BA3Cc2773BF67155ec93FC4,77,48245,28661,-19584
0xC1E2097d788d33701BA3Cc2773BF67155ec93FC4,78,48245,missing
0xC1E2097d788d33701BA3Cc2773BF67155ec93FC4,79,48245,missing
0xC1E2097d788d33701BA3Cc2773BF67155ec93FC4,80,48245,missing
0xC1E2097d788d33701BA3Cc2773BF67155ec93FC4,81,48245,missing
0xC1E2097d788d33701BA3Cc2773BF67155ec93FC4,82,48245,missing
0xC1E2097d788d33701BA3Cc2773BF67155ec93FC4,83,48245,missing
0xC1E2097d788d33701BA3Cc2773BF67155ec93FC4,84,48245,missing
0xC1E2097d788d33701BA3Cc2773BF67155ec93FC4,85,48245,missing
0xC1E2097d788d33701BA3Cc2773BF67155ec93FC4,86,48245,missing
0xC1E2097d788d33701BA3Cc2773BF67155ec93FC4,87,28345,missing
0xC1E2097d788d33701BA3Cc2773BF67155ec93FC4,88,48245,28661,-19584
0xC1E2097d788d33701BA3Cc2773BF67155ec93FC4,89,48245,missing
0xC1E2097d788d33701BA3Cc2773BF67155ec93FC4,90,48245,missing
0xC1E2097d788d33701BA3Cc2773BF67155ec93FC4,91,48245,missing
0xC1E2097d788d33701BA3Cc2773BF67155ec93FC4,92,48245,missing
0xC1E2097d788d33701BA3Cc2773BF67155ec93FC4,93,48245,missing
0xC1E2097d788d33701BA3Cc2773BF67155ec93FC4,94,48245,missing
0xC1E2097d788d33701BA3Cc2773BF67155ec93FC4,95,48245,missing
0xC1E2097d788d33701BA3Cc2773BF67155ec93FC4,96,48245,missing
0xC1E2097d788d33701BA3Cc2773BF67155ec93FC4,97,48221,missing
0xC1E2097d788d33701BA3Cc2773BF67155ec93FC4,98,48245,missing
0xC1E2097d788d33701BA3Cc2773BF67155ec93FC4,99,48245,missing
0xC1E2097d788d33701BA3Cc2773BF67155ec93FC4,100,48245,missing
0xC1E2097d788d33701BA3Cc2773BF67155ec93FC4,101,48245,missing
0xC1E2097d788d33701BA3Cc2773BF67155ec93FC4,102,48245,missing
0xC1E2097d788d33701BA3Cc2773BF67155ec93FC4,103,48245,missing
0xC1E2097d788d33701BA3Cc2773BF67155ec93FC4,104,28345,missing
0xC1E2097d788d33701BA3Cc2773BF67155ec93FC4,105,48245,missing
0xC1E2097d788d33701BA3Cc2773BF67155ec93FC4,106,48245,missing
0xC1E2097d788d33701BA3Cc2773BF67155ec93FC4,107,48245,missing
0xC1E2097d788d33701BA3Cc2773BF67155ec93FC4,108,48245,missing
0xC1E2097d788d33701BA3Cc2773BF67155ec93FC4,109,48245,missing
0xC1E2097d788d33701BA3Cc2773BF67155ec93FC4,110,48245,missing
0xC1E2097d788d33701BA3Cc2773BF67155ec93FC4,111,48245,missing
0xC1E2097d788d33701BA3Cc2773BF67155ec93FC4,112,48245,missing
0xC1E2097d788d33701BA3Cc2773BF67155ec93FC4,113,48245,missing
0xC1E2097d788d33701BA3Cc2773BF67155ec93FC4,114,48245,28661,-19584
0xC1E2097d788d33701BA3Cc2773BF67155ec93FC4,115,48245,missing
0xC1E2097d788d33701BA3Cc2773BF67155ec93FC4,116,48245,missing
0xC1E2097d788d33701BA3Cc2773BF67155ec93FC4,117,48245,missing
0xC1E2097d788d33701BA3Cc2773BF67155ec93FC4,118,48245,missing
0xC1E2097d788d33701BA3Cc2773BF67155ec93FC4,119,48245,missing
0xC1E2097d788d33701BA3Cc2773BF67155ec93FC4,120,48245,missing
0xC1E2097d788d33701BA3Cc2773BF67155ec93FC4,121,48245,missing
0xC1E2097d788d33701BA3Cc2773BF67155ec93FC4,122,48245,missing
0xC1E2097d788d33701BA3Cc2773BF67155ec93FC4,123,48245,missing
0xC1E2097d788d33701BA3Cc2773BF67155ec93FC4,124,48245,missing
0xC1E2097d788d33701BA3Cc2773BF67155ec93FC4,125,48245,missing
0xC1E2097d788d33701BA3Cc2773BF67155ec93FC4,126,48245,missing
0xC1E2097d788d33701BA3Cc2773BF67155ec93FC4,127,48245,missing
0xC1E2097d788d33701BA3Cc2773BF67155ec93FC4,128,48233,missing
0xC1E2097d788d33701BA3Cc2773BF67155ec93FC4,129,28333,missing
0xC1E2097d788d33701BA3Cc2773BF67155ec93FC4,130,48245,missing
0xC1E2097d788d33701BA3Cc2773BF67155ec93FC4,131,48245,missing
0xC1E2097d788d33701BA3Cc2773BF67155ec93FC4,132,48245,missing
0xC1E2097d788d33701BA3Cc2773BF67155ec93FC4,133,48245,missing
0xC1E2097d788d33701BA3Cc2773BF67155ec93FC4,134,48233,missing
0xC1E2097d788d33701BA3Cc2773BF67155ec93FC4,135,28333,missing
0xC1E2097d788d33701BA3Cc2773BF67155ec93FC4,136,48245,missing
0xC1E2097d788d33701BA3Cc2773BF67155ec93FC4,137,48245,missing
0xC1E2097d788d33701BA3Cc2773BF67155ec93FC4,138,48245,missing
0xC1E2097d788d33701BA3Cc2773BF67155ec93FC4,139,48245,missing
0xC1E2097d788d33701BA3Cc2773BF67155ec93FC4,140,48245,missing
0xC1E2097d788d33701BA3Cc2773BF67155ec93FC4,141,48245,missing
0xC1E2097d788d33701BA3Cc2773BF67155ec93FC4,142,28345,missing
0xC1E2097d788d33701BA3Cc2773BF67155ec93FC4,143,48245,missing
0xC1E2097d788d33701BA3Cc2773BF67155ec93FC4,144,48245,missing
0xC1E2097d788d33701BA3Cc2773BF67155ec93FC4,145,48245,missing
0xC1E2097d788d33701BA3Cc2773BF67155ec93FC4,146,48233,missing
0xC1E2097d788d33701BA3Cc2773BF67155ec93FC4,147,39665,missing
0xC1E2097d788d33701BA3Cc2773BF67155ec93FC4,148,39665,missing
0xC1E2097d788d33701BA3Cc2773BF67155ec93FC4,149,48245,28661,-19584
0xC1E2097d788d33701BA3Cc2773BF67155ec93FC4,150,48233,missing
0xC1E2097d788d33701BA3Cc2773BF67155ec93FC4,151,28333,missing
0xC1E2097d788d33701BA3Cc2773BF67155ec93FC4,152,48233,missing
0xC1E2097d788d33701BA3Cc2773BF67155ec93FC4,153,48245,missing
0xC1E2097d788d33701BA3Cc2773BF67155ec93FC4,154,48245,missing
0xC1E2097d788d33701BA3Cc2773BF67155ec93FC4,155,28345,missing
0xC1E2097d788d33701BA3Cc2773BF67155ec93FC4,156,48245,missing
0xC1E2097d788d33701BA3Cc2773BF67155ec93FC4,157,48245,missing
0xC1E2097d788d33701BA3Cc2773BF67155ec93FC4,158,48245,missing
0xC1E2097d788d33701BA3Cc2773BF67155ec93FC4,159,48245,missing
0xC1E2097d788d33701BA3Cc2773BF67155ec93FC4,160,48245,missing
0xC1E2097d788d33701BA3Cc2773BF67155ec93FC4,161,28345,missing
0xC1E2097d788d33701BA3Cc2773BF67155ec93FC4,162,48245,missing
0xC1E2097d788d33701BA3Cc2773BF67155ec93FC4,163,48245,missing
0xC1E2097d788d33701BA3Cc2773BF67155ec93FC4,164,48245,missing
0xC1E2097d788d33701BA3Cc2773BF67155ec93FC4,165,48245,missing
0xC1E2097d788d33701BA3Cc2773BF67155ec93FC4,166,48245,missing
0xC1E2097d788d33701BA3Cc2773BF67155ec93FC4,167,48245,missing
0xC1E2097d788d33701BA3Cc2773BF67155ec93FC4,168,56765,missing
0xC1E2097d788d33701BA3Cc2773BF67155ec93FC4,169,51965,missing
0xC1E2097d788d33701BA3Cc2773BF67155ec93FC4,170,33993,missing
0xC1E2097d788d33701BA3Cc2773BF67155ec93FC4,171,51965,missing
0xC1E2097d788d33701BA3Cc2773BF67155ec93FC4,172,34865,missing
0xC1E2097d788d33701BA3Cc2773BF67155ec93FC4,174,56765,missing
0xC1E2097d788d33701BA3Cc2773BF67155ec93FC4,175,34865,missing
0xC1E2097d788d33701BA3Cc2773BF67155ec93FC4,176,56765,missing
0xC1E2097d788d33701BA3Cc2773BF67155ec93FC4,177,34865,missing
0xC1E2097d788d33701BA3Cc2773BF67155ec93FC4,178,56777,missing
0xC1E2097d788d33701BA3Cc2773BF67155ec93FC4,179,34877,missing
0xC1E2097d788d33701BA3Cc2773BF67155ec93FC4,181,56777,missing
0xC1E2097d788d33701BA3Cc2773BF67155ec93FC4,182,39665,missing
0xC1E2097d788d33701BA3Cc2773BF67155ec93FC4,183,39665,missing
0xC1E2097d788d33701BA3Cc2773BF67155ec93FC4,184,39665,missing
0xC1E2097d788d33701BA3Cc2773BF67155ec93FC4,185,39665,missing
0xC1E2097d788d33701BA3Cc2773BF67155ec93FC4,186,56765,missing
0xC1E2097d788d33701BA3Cc2773BF67155ec93FC4,187,39665,missing
0xC1E2097d788d33701BA3Cc2773BF67155ec93FC4,188,56765,missing
0xC1E2097d788d33701BA3Cc2773BF67155ec93FC4,189,39665,missing
0xC1E2097d788d33701BA3Cc2773BF67155ec93FC4,190,39665,missing
0xC1E2097d788d33701BA3Cc2773BF67155ec93FC4,191,39665,missing
0xC1E2097d788d33701BA3Cc2773BF67155ec93FC4,192,39665,missing
0xC1E2097d788d33701BA3Cc2773BF67155ec93FC4,193,39665,missing
0xC1E2097d788d33701BA3Cc2773BF67155ec93FC4,194,39665,missing
0xC1E2097d788d33701BA3Cc2773BF67155ec93FC4,195,39665,missing
0xC1E2097d788d33701BA3Cc2773BF67155ec93FC4,196,39665,missing
0xC1E2097d788d33701BA3Cc2773BF67155ec93FC4,197,39665,missing
0xC1E2097d788d33701BA3Cc2773BF67155ec93FC4,198,56777,missing
0xC1E2097d788d33701BA3Cc2773BF67155ec93FC4,199,39689,missing
0xC1E2097d788d33701BA3Cc2773BF67155ec93FC4,200,39665,missing
0xC1E2097d788d33701BA3Cc2773BF67155ec93FC4,201,39665,missing
0xC1E2097d788d33701BA3Cc2773BF67155ec93FC4,202,39677,missing
0xC1E2097d788d33701BA3Cc2773BF67155ec93FC4,203,39665,missing
0xC1E2097d788d33701BA3Cc2773BF67155ec93FC4,204,39677,missing
0xC1E2097d788d33701BA3Cc2773BF67155ec93FC4,205,39665,missing
0xC1E2097d788d33701BA3Cc2773BF67155ec93FC4,206,39677,missing
0xC1E2097d788d33701BA3Cc2773BF67155ec93FC4,207,39677,missing
0xC1E2097d788d33701BA3Cc2773BF67155ec93FC4,208,39665,missing
0xC1E2097d788d33701BA3Cc2773BF67155ec93FC4,209,39665,missing
0xC1E2097d788d33701BA3Cc2773BF67155ec93FC4,210,39665,missing
0xC1E2097d788d33701BA3Cc2773BF67155ec93FC4,211,39665,missing
0xC1E2097d788d33701BA3Cc2773BF67155ec93FC4,212,56777,missing
0xC1E2097d788d33701BA3Cc2773BF67155ec93FC4,213,39665,missing
0xC1E2097d788d33701BA3Cc2773BF67155ec93FC4,214,39665,missing
0xC1E2097d788d33701BA3Cc2773BF67155ec93FC4,215,39665,missing
0xC1E2097d788d33701BA3Cc2773BF67155ec93FC4,216,39677,missing
0xC1E2097d788d33701BA3Cc2773BF67155ec93FC4,217,48245,missing
0xC1E2097d788d33701BA3Cc2773BF67155ec93FC4,218,39677,missing
0xC1E2097d788d33701BA3Cc2773BF67155ec93FC4,219,39677,missing
0xC1E2097d788d33701BA3Cc2773BF67155ec93FC4,221,39677,missing
0xC1E2097d788d33701BA3Cc2773BF67155ec93FC4,222,39665,missing
0xC1E2097d788d33701BA3Cc2773BF67155ec93FC4,223,39665,missing
0xC1E2097d788d33701BA3Cc2773BF67155ec93FC4,224,39689,missing
0xC1E2097d788d33701BA3Cc2773BF67155ec93FC4,225,56801,missing
0xC1E2097d788d33701BA3Cc2773BF67155ec93FC4,226,39665,missing
0xC1E2097d788d33701BA3Cc2773BF67155ec93FC4,227,39665,missing
0xC1E2097d788d33701BA3Cc2773BF67155ec93FC4,228,39665,missing
0xC1E2097d788d33701BA3Cc2773BF67155ec93FC4,229,39665,missing
0xC1E2097d788d33701BA3Cc2773BF67155ec93FC4,230,39665,missing
0xC1E2097d788d33701BA3Cc2773BF67155ec93FC4,231,39665,missing
0xC1E2097d788d33701BA3Cc2773BF67155ec93FC4,232,39665,missing
0xC1E2097d788d33701BA3Cc2773BF67155ec93FC4,233,39665,missing
0xC1E2097d788d33701BA3Cc2773BF67155ec93FC4,234,56789,missing
0xC1E2097d788d33701BA3Cc2773BF67155ec93FC4,235,39665,missing
0xC1E2097d788d33701BA3Cc2773BF67155ec93FC4,236,56777,missing
0xC1E2097d788d33701BA3Cc2773BF67155ec93FC4,237,56777,missing
0xC1E2097d788d33701BA3Cc2773BF67155ec93FC4,238,56765,missing
0xC1E2097d788d33701BA3Cc2773BF67155ec93FC4,239,39665,missing
0xC1E2097d788d33701BA3Cc2773BF67155ec93FC4,240,39665,missing
0xC1E2097d788d33701BA3Cc2773BF67155ec93FC4,241,39665,missing
0xC1E2097d788d33701BA3Cc2773BF67155ec93FC4,242,39665,missing
0xC1E2097d788d33701BA3Cc2773BF67155ec93FC4,243,39665,missing
0xC1E2097d788d33701BA3Cc2773BF67155ec93FC4,244,39665,missing
0xC1E2097d788d33701BA3Cc2773BF67155ec93FC4,245,39665,missing
0xC1E2097d788d33701BA3Cc2773BF67155ec93FC4,246,39665,missing
0xC1E2097d788d33701BA3Cc2773BF67155ec93FC4,247,56777,missing
0xC1E2097d788d33701BA3Cc2773BF67155ec93FC4,248,39689,missing
0xC1E2097d788d33701BA3Cc2773BF67155ec93FC4,249,56765,missing
0xC1E2097d788d33701BA3Cc2773BF67155ec93FC4,250,39665,missing
0xC1E2097d788d33701BA3Cc2773BF67155ec93FC4,251,39665,missing
0xC1E2097d788d33701BA3Cc2773BF67155ec93FC4,252,39665,missing
0xC1E2097d788d33701BA3Cc2773BF67155ec93FC4,253,39665,missing
0xC1E2097d788d33701BA3Cc2773BF67155ec93FC4,254,39665,missing
0xC1E2097d788d33701BA3Cc2773BF67155ec93FC4,255,39665,missing
0xC1E2097d788d33701BA3Cc2773BF67155ec93FC4,256,39665,missing
0xC1E2097d788d33701BA3Cc2773BF67155ec93FC4,257,39665,missing
0xC1E2097d788d33701BA3Cc2773BF67155ec93FC4,258,39665,missing
0xC1E2097d788d33701BA3Cc2773BF67155ec93FC4,259,39665,missing
0xC1E2097d788d33701BA3Cc2773BF67155ec93FC4,260,39665,missing
0xC1E2097d788d33701BA3Cc2773BF67155ec93FC4,261,51989,missing
0xC1E2097d788d33701BA3Cc2773BF67155ec93FC4,262,39677,missing
0xC1E2097d788d33701BA3Cc2773BF67155ec93FC4,263,39677,missing
0xC1E2097d788d33701BA3Cc2773BF67155ec93FC4,264,39677,missing
0xC1E2097d788d33701BA3Cc2773BF67155ec93FC4,265,39677,missing
0xC1E2097d788d33701BA3Cc2773BF67155ec93FC4,266,39677,missing
0xC1E2097d788d33701BA3Cc2773BF67155ec93FC4,267,39677,missing
0xC1E2097d788d33701BA3Cc2773BF67155ec93FC4,268,39677,missing
0xC1E2097d788d33701BA3Cc2773BF67155ec93FC4,272,56801,missing
0xC1E2097d788d33701BA3Cc2773BF67155ec93FC4,273,51977,missing
0xC1E2097d788d33701BA3Cc2773BF67155ec93FC4,274,48245,missing
0xC1E2097d788d33701BA3Cc2773BF67155ec93FC4,count,266,5,-261
0x3a0e9acd953ffc0dd18d63603488846a6b8b2b01,1,45599,28153,-17446
0x3a0e9acd953ffc0dd18d63603488846a6b8b2b01,2,45673,40453,-5220
0x3a0e9acd953ffc0dd18d63603488846a6b8b2b01,3,28499,28153,-346
0x3a0e9acd953ffc0dd18d63603488846a6b8b2b01,4,24566,29089,4523
0x3a0e9acd953ffc0dd18d63603488846a6b8b2b01,5,28499,28153,-346
0x3a0e9acd953ffc0dd18d63603488846a6b8b2b01,6,24181,28697,4516
0x3a0e9acd953ffc0dd18d63603488846a6b8b2b01,7,24193,28709,4516
0x3a0e9acd953ffc0dd18d63603488846a6b8b2b01,8,23868,28521,4653
0x3a0e9acd953ffc0dd18d63603488846a6b8b2b01,9,24530,29053,4523
0x3a0e9acd953ffc0dd18d63603488846a6b8b2b01,10,23458,28153,4695
0x3a0e9acd953ffc0dd18d63603488846a6b8b2b01,11,23868,28521,4653
0x3a0e9acd953ffc0dd18d63603488846a6b8b2b01,12,24530,29053,4523
0x3a0e9acd953ffc0dd18d63603488846a6b8b2b01,13,24145,28661,4516
0x3a0e9acd953ffc0dd18d63603488846a6b8b2b01,14,23458,28153,4695
0x3a0e9acd953ffc0dd18d63603488846a6b8b2b01,15,24217,28733,4516
0x3a0e9acd953ffc0dd18d63603488846a6b8b2b01,16,28651,28733,82
0x3a0e9acd953ffc0dd18d63603488846a6b8b2b01,17,24974,28733,3759
0x3a0e9acd953ffc0dd18d63603488846a6b8b2b01,count,17,17,0
0x5aD6Dc0A267693c8A14AC9fF2A29c7D63A3d96c2,1,46073,27149,-18924
0x5aD6Dc0A267693c8A14AC9fF2A29c7D63A3d96c2,5,46073,44249,-1824
0x5aD6Dc0A267693c8A14AC9fF2A29c7D63A3d96c2,count,2,2,0
0xF94d0b334b2CDEaAFCd7B2796B8743fb72dbFFF1,count,0,0,0
0xc524079859fD32597F257c175c5f9E239C1Dd2DB,1,56630,missing
0xc524079859fD32597F257c175c5f9E239C1Dd2DB,2,34778,missing
0xc524079859fD32597F257c175c5f9E239C1Dd2DB,3,56642,missing
0xc524079859fD32597F257c175c5f9E239C1Dd2DB,4,39566,missing
0xc524079859fD32597F257c175c5f9E239C1Dd2DB,5,56642,missing
0xc524079859fD32597F257c175c5f9E239C1Dd2DB,6,56642,missing
0xc524079859fD32597F257c175c5f9E239C1Dd2DB,7,56642,missing
0xc524079859fD32597F257c175c5f9E239C1Dd2DB,8,56630,missing
0xc524079859fD32597F257c175c5f9E239C1Dd2DB,9,56630,missing
0xc524079859fD32597F257c175c5f9E239C1Dd2DB,10,56630,missing
0xc524079859fD32597F257c175c5f9E239C1Dd2DB,11,56630,missing
0xc524079859fD32597F257c175c5f9E239C1Dd2DB,12,56630,missing
0xc524079859fD32597F257c175c5f9E239C1Dd2DB,13,56630,missing
0xc524079859fD32597F257c175c5f9E239C1Dd2DB,14,56642,missing
0xc524079859fD32597F257c175c5f9E239C1Dd2DB,15,56630,missing
0xc524079859fD32597F257c175c5f9E239C1Dd2DB,16,56642,missing
0xc524079859fD32597F257c175c5f9E239C1Dd2DB,17,56630,missing
0xc524079859fD32597F257c175c5f9E239C1Dd2DB,18,56618,missing
0xc524079859fD32597F257c175c5f9E239C1Dd2DB,19,56642,missing
0xc524079859fD32597F257c175c5f9E239C1Dd2DB,20,56630,missing
0xc524079859fD32597F257c175c5f9E239C1Dd2DB,21,56642,missing
0xc524079859fD32597F257c175c5f9E239C1Dd2DB,22,39542,missing
0xc524079859fD32597F257c175c5f9E239C1Dd2DB,23,56642,missing
0xc524079859fD32597F257c175c5f9E239C1Dd2DB,24,56642,missing
0xc524079859fD32597F257c175c5f9E239C1Dd2DB,25,56630,missing
0xc524079859fD32597F257c175c5f9E239C1Dd2DB,26,56630,missing
0xc524079859fD32597F257c175c5f9E239C1Dd2DB,27,56642,missing
0xc524079859fD32597F257c175c5f9E239C1Dd2DB,28,39542,missing
0xc524079859fD32597F257c175c5f9E239C1Dd2DB,29,39530,missing
0xc524079859fD32597F257c175c5f9E239C1Dd2DB,30,39542,missing
0xc524079859fD32597F257c175c5f9E239C1Dd2DB,31,39542,missing
0xc524079859fD32597F257c175c5f9E239C1Dd2DB,32,39542,missing
0xc524079859fD32597F257c175c5f9E239C1Dd2DB,33,56630,missing
0xc524079859fD32597F257c175c5f9E239C1Dd2DB,34,39530,missing
0xc524079859fD32597F257c175c5f9E239C1Dd2DB,35,39530,missing
0xc524079859fD32597F257c175c5f9E239C1Dd2DB,36,56642,missing
0xc524079859fD32597F257c175c5f9E239C1Dd2DB,37,56642,missing
0xc524079859fD32597F257c175c5f9E239C1Dd2DB,38,56642,missing
0xc524079859fD32597F257c175c5f9E239C1Dd2DB,39,39542,missing
0xc524079859fD32597F257c175c5f9E239C1Dd2DB,40,56630,missing
0xc524079859fD32597F257c175c5f9E239C1Dd2DB,41,56642,missing
0xc524079859fD32597F257c175c5f9E239C1Dd2DB,42,56642,missing
0xc524079859fD32597F257c175c5f9E239C1Dd2DB,43,39542,missing
0xc524079859fD32597F257c175c5f9E239C1Dd2DB,44,56642,missing
0xc524079859fD32597F257c175c5f9E239C1Dd2DB,45,56630,missing
0xc524079859fD32597F257c175c5f9E239C1Dd2DB,46,56642,missing
0xc524079859fD32597F257c175c5f9E239C1Dd2DB,47,39542,missing
0xc524079859fD32597F257c175c5f9E239C1Dd2DB,48,56642,missing
0xc524079859fD32597F257c175c5f9E239C1Dd2DB,49,39542,missing
0xc524079859fD32597F257c175c5f9E239C1Dd2DB,50,56642,missing
0xc524079859fD32597F257c175c5f9E239C1Dd2DB,51,39542,missing
0xc524079859fD32597F257c175c5f9E239C1Dd2DB,52,56642,missing
0xc524079859fD32597F257c175c5f9E239C1Dd2DB,53,39542,missing
0xc524079859fD32597F257c175c5f9E239C1Dd2DB,54,56642,missing
0xc524079859fD32597F257c175c5f9E239C1Dd2DB,55,39542,missing
0xc524079859fD32597F257c175c5f9E239C1Dd2DB,56,56642,missing
0xc524079859fD32597F257c175c5f9E239C1Dd2DB,57,56642,missing
0xc524079859fD32597F257c175c5f9E239C1Dd2DB,58,39542,missing
0xc524079859fD32597F257c175c5f9E239C1Dd2DB,59,39542,missing
0xc524079859fD32597F257c175c5f9E239C1Dd2DB,60,39542,missing
0xc524079859fD32597F257c175c5f9E239C1Dd2DB,61,39518,missing
0xc524079859fD32597F257c175c5f9E239C1Dd2DB,62,56630,missing
0xc524079859fD32597F257c175c5f9E239C1Dd2DB,63,39542,missing
0xc524079859fD32597F257c175c5f9E239C1Dd2DB,64,56630,missing
0xc524079859fD32597F257c175c5f9E239C1Dd2DB,65,56630,missing
0xc524079859fD32597F257c175c5f9E239C1Dd2DB,66,39530,missing
0xc524079859fD32597F257c175c5f9E239C1Dd2DB,67,39542,missing
0xc524079859fD32597F257c175c5f9E239C1Dd2DB,68,56630,missing
0xc524079859fD32597F257c175c5f9E239C1Dd2DB,69,56630,missing
0xc524079859fD32597F257c175c5f9E239C1Dd2DB,70,56630,missing
0xc524079859fD32597F257c175c5f9E239C1Dd2DB,71,56630,missing
0xc524079859fD32597F257c175c5f9E239C1Dd2DB,72,39542,missing
0xc524079859fD32597F257c175c5f9E239C1Dd2DB,73,39542,missing
0xc524079859fD32597F257c175c5f9E239C1Dd2DB,74,56642,missing
0xc524079859fD32597F257c175c5f9E239C1Dd2DB,75,56630,missing
0xc524079859fD32597F257c175c5f9E239C1Dd2DB,76,56642,missing
0xc524079859fD32597F257c175c5f9E239C1Dd2DB,77,56642,missing
0xc524079859fD32597F257c175c5f9E239C1Dd2DB,78,56642,missing
0xc524079859fD32597F257c175c5f9E239C1Dd2DB,79,39542,missing
0xc524079859fD32597F257c175c5f9E239C1Dd2DB,80,56630,missing
0xc524079859fD32597F257c175c5f9E239C1Dd2DB,81,39542,missing
0xc524079859fD32597F257c175c5f9E239C1Dd2DB,82,56642,missing
0xc524079859fD32597F257c175c5f9E239C1Dd2DB,83,56630,missing
0xc524079859fD32597F257c175c5f9E239C1Dd2DB,84,56642,missing
0xc524079859fD32597F257c175c5f9E239C1Dd2DB,85,56642,missing
0xc524079859fD32597F257c175c5f9E239C1Dd2DB,86,39530,missing
0xc524079859fD32597F257c175c5f9E239C1Dd2DB,87,56642,missing
0xc524079859fD32597F257c175c5f9E239C1Dd2DB,88,56630,missing
0xc524079859fD32597F257c175c5f9E239C1Dd2DB,89,39530,missing
0xc524079859fD32597F257c175c5f9E239C1Dd2DB,90,39542,missing
0xc524079859fD32597F257c175c5f9E239C1Dd2DB,91,56642,missing
0xc524079859fD32597F257c175c5f9E239C1Dd2DB,92,39542,missing
0xc524079859fD32597F257c175c5f9E239C1Dd2DB,93,39542,missing
0xc524079859fD32597F257c175c5f9E239C1Dd2DB,94,39542,missing
0xc524079859fD32597F257c175c5f9E239C1Dd2DB,95,56642,missing
0xc524079859fD32597F257c175c5f9E239C1Dd2DB,96,39542,missing
0xc524079859fD32597F257c175c5f9E239C1Dd2DB,97,39530,missing
0xc524079859fD32597F257c175c5f9E239C1Dd2DB,98,56630,missing
0xc524079859fD32597F257c175c5f9E239C1Dd2DB,99,39542,missing
0xc524079859fD32597F257c175c5f9E239C1Dd2DB,100,39530,missing
0xc524079859fD32597F257c175c5f9E239C1Dd2DB,101,39542,missing
0xc524079859fD32597F257c175c5f9E239C1Dd2DB,102,39530,missing
0xc524079859fD32597F257c175c5f9E239C1Dd2DB,103,56642,missing
0xc524079859fD32597F257c175c5f9E239C1Dd2DB,104,56642,missing
0xc524079859fD32597F257c175c5f9E239C1Dd2DB,105,39542,missing
0xc524079859fD32597F257c175c5f9E239C1Dd2DB,106,39542,missing
0xc524079859fD32597F257c175c5f9E239C1Dd2DB,107,56642,missing
0xc524079859fD32597F257c175c5f9E239C1Dd2DB,108,39542,missing
0xc524079859fD32597F257c175c5f9E239C1Dd2DB,109,39542,missing
0xc524079859fD32597F257c175c5f9E239C1Dd2DB,110,39542,missing
0xc524079859fD32597F257c175c5f9E239C1Dd2DB,111,39542,missing
0xc524079859fD32597F257c175c5f9E239C1Dd2DB,112,56630,missing
0xc524079859fD32597F257c175c5f9E239C1Dd2DB,113,39542,missing
0xc524079859fD32597F257c175c5f9E239C1Dd2DB,114,39542,missing
0xc524079859fD32597F257c175c5f9E239C1Dd2DB,115,39530,missing
0xc524079859fD32597F257c175c5f9E239C1Dd2DB,116,56642,missing
0xc524079859fD32597F257c175c5f9E239C1Dd2DB,117,56642,missing
0xc524079859fD32597F257c175c5f9E239C1Dd2DB,118,56642,missing
0xc524079859fD32597F257c175c5f9E239C1Dd2DB,119,56642,missing
0xc524079859fD32597F257c175c5f9E239C1Dd2DB,120,56642,missing
0xc524079859fD32597F257c175c5f9E239C1Dd2DB,121,56630,missing
0xc524079859fD32597F257c175c5f9E239C1Dd2DB,122,56642,missing
0xc524079859fD32597F257c175c5f9E239C1Dd2DB,123,56642,missing
0xc524079859fD32597F257c175c5f9E239C1Dd2DB,124,56642,missing
0xc524079859fD32597F257c175c5f9E239C1Dd2DB,125,39530,missing
0xc524079859fD32597F257c175c5f9E239C1Dd2DB,126,39542,missing
0xc524079859fD32597F257c175c5f9E239C1Dd2DB,127,39542,missing
0xc524079859fD32597F257c175c5f9E239C1Dd2DB,128,56642,missing
0xc524079859fD32597F257c175c5f9E239C1Dd2DB,129,39542,missing
0xc524079859fD32597F257c175c5f9E239C1Dd2DB,130,39542,missing
0xc524079859fD32597F257c175c5f9E239C1Dd2DB,131,39530,missing
0xc524079859fD32597F257c175c5f9E239C1Dd2DB,132,56642,missing
0xc524079859fD32597F257c175c5f9E239C1Dd2DB,133,56642,missing
0xc524079859fD32597F257c175c5f9E239C1Dd2DB,134,39542,missing
0xc524079859fD32597F257c175c5f9E239C1Dd2DB,135,56642,missing
0xc524079859fD32597F257c175c5f9E239C1Dd2DB,136,39542,missing
0xc524079859fD32597F257c175c5f9E239C1Dd2DB,137,39530,missing
0xc524079859fD32597F257c175c5f9E239C1Dd2DB,138,39542,missing
0xc524079859fD32597F257c175c5f9E239C1Dd2DB,139,39542,missing
0xc524079859fD32597F257c175c5f9E239C1Dd2DB,140,56642,missing
0xc524079859fD32597F257c175c5f9E239C1Dd2DB,141,56642,missing
0xc524079859fD32597F257c175c5f9E239C1Dd2DB,142,56642,missing
0xc524079859fD32597F257c175c5f9E239C1Dd2DB,143,39542,missing
0xc524079859fD32597F257c175c5f9E239C1Dd2DB,144,39542,missing
0xc524079859fD32597F257c175c5f9E239C1Dd2DB,145,39530,missing
0xc524079859fD32597F257c175c5f9E239C1Dd2DB,146,39542,missing
0xc524079859fD32597F257c175c5f9E239C1Dd2DB,147,56642,missing
0xc524079859fD32597F257c175c5f9E239C1Dd2DB,148,39530,missing
0xc524079859fD32597F257c175c5f9E239C1Dd2DB,149,56630,missing
0xc524079859fD32597F257c175c5f9E239C1Dd2DB,150,56642,missing
0xc524079859fD32597F257c175c5f9E239C1Dd2DB,151,56630,missing
0xc524079859fD32597F257c175c5f9E239C1Dd2DB,152,56642,missing
0xc524079859fD32597F257c175c5f9E239C1Dd2DB,153,56642,missing
0xc524079859fD32597F257c175c5f9E239C1Dd2DB,154,56642,missing
0xc524079859fD32597F257c175c5f9E239C1Dd2DB,155,56642,missing
0xc524079859fD32597F257c175c5f9E239C1Dd2DB,156,39542,missing
0xc524079859fD32597F257c175c5f9E239C1Dd2DB,157,39542,missing
0xc524079859fD32597F257c175c5f9E239C1Dd2DB,158,39530,missing
0xc524079859fD32597F257c175c5f9E239C1Dd2DB,159,39542,missing
0xc524079859fD32597F257c175c5f9E239C1Dd2DB,160,56642,missing
0xc524079859fD32597F257c175c5f9E239C1Dd2DB,161,56642,missing
0xc524079859fD32597F257c175c5f9E239C1Dd2DB,162,56642,missing
0xc524079859fD32597F257c175c5f9E239C1Dd2DB,163,39542,missing
0xc524079859fD32597F257c175c5f9E239C1Dd2DB,164,56642,missing
0xc524079859fD32597F257c175c5f9E239C1Dd2DB,165,56618,missing
0xc524079859fD32597F257c175c5f9E239C1Dd2DB,166,56642,missing
0xc524079859fD32597F257c175c5f9E239C1Dd2DB,167,39542,missing
0xc524079859fD32597F257c175c5f9E239C1Dd2DB,168,56642,missing
0xc524079859fD32597F257c175c5f9E239C1Dd2DB,169,39542,missing
0xc524079859fD32597F257c175c5f9E239C1Dd2DB,170,39542,missing
0xc524079859fD32597F257c175c5f9E239C1Dd2DB,171,39530,missing
0xc524079859fD32597F257c175c5f9E239C1Dd2DB,172,39542,missing
0xc524079859fD32597F257c175c5f9E239C1Dd2DB,173,39542,missing
0xc524079859fD32597F257c175c5f9E239C1Dd2DB,174,56642,missing
0xc524079859fD32597F257c175c5f9E239C1Dd2DB,175,56642,missing
0xc524079859fD32597F257c175c5f9E239C1Dd2DB,176,39542,missing
0xc524079859fD32597F257c175c5f9E239C1Dd2DB,177,39542,missing
0xc524079859fD32597F257c175c5f9E239C1Dd2DB,178,39542,missing
0xc524079859fD32597F257c175c5f9E239C1Dd2DB,179,39542,missing
0xc524079859fD32597F257c175c5f9E239C1Dd2DB,180,56642,missing
0xc524079859fD32597F257c175c5f9E239C1Dd2DB,181,39542,missing
0xc524079859fD32597F257c175c5f9E239C1Dd2DB,182,56642,missing
0xc524079859fD32597F257c175c5f9E239C1Dd2DB,183,39542,missing
0xc524079859fD32597F257c175c5f9E239C1Dd2DB,184,39542,missing
0xc524079859fD32597F257c175c5f9E239C1Dd2DB,185,56642,missing
0xc524079859fD32597F257c175c5f9E239C1Dd2DB,186,39542,missing
0xc524079859fD32597F257c175c5f9E239C1Dd2DB,187,56630,missing
0xc524079859fD32597F257c175c5f9E239C1Dd2DB,188,39542,missing
0xc524079859fD32597F257c175c5f9E239C1Dd2DB,189,56642,missing
0xc524079859fD32597F257c175c5f9E239C1Dd2DB,190,56642,missing
0xc524079859fD32597F257c175c5f9E239C1Dd2DB,191,39542,missing
0xc524079859fD32597F257c175c5f9E239C1Dd2DB,192,39542,missing
0xc524079859fD32597F257c175c5f9E239C1Dd2DB,193,56630,missing
0xc524079859fD32597F257c175c5f9E239C1Dd2DB,194,56642,missing
0xc524079859fD32597F257c175c5f9E239C1Dd2DB,195,39542,missing
0xc524079859fD32597F257c175c5f9E239C1Dd2DB,196,56630,missing
0xc524079859fD32597F257c175c5f9E239C1Dd2DB,197,56642,missing
0xc524079859fD32597F257c175c5f9E239C1Dd2DB,198,56642,missing
0xc524079859fD32597F257c175c5f9E239C1Dd2DB,199,56642,missing
0xc524079859fD32597F257c175c5f9E239C1Dd2DB,200,56642,missing
0xc524079859fD32597F257c175c5f9E239C1Dd2DB,201,56642,missing
0xc524079859fD32597F257c175c5f9E239C1Dd2DB,202,56642,missing
0xc524079859fD32597F257c175c5f9E239C1Dd2DB,203,56642,missing
0xc524079859fD32597F257c175c5f9E239C1Dd2DB,204,56642,missing
0xc524079859fD32597F257c175c5f9E239C1Dd2DB,205,56642,missing
0xc524079859fD32597F257c175c5f9E239C1Dd2DB,206,39542,missing
0xc524079859fD32597F257c175c5f9E239C1Dd2DB,207,56642,missing
0xc524079859fD32597F257c175c5f9E239C1Dd2DB,208,56642,missing
0xc524079859fD32597F257c175c5f9E239C1Dd2DB,209,56630,missing
0xc524079859fD32597F257c175c5f9E239C1Dd2DB,210,56642,missing
0xc524079859fD32597F257c175c5f9E239C1Dd2DB,211,56642,missing
0xc524079859fD32597F257c175c5f9E239C1Dd2DB,count,211,0,-211
0x9107C1B28d775E59f98BF3f4dE3b959816CF5526,1,51891,missing
0x9107C1B28d775E59f98BF3f4dE3b959816CF5526,2,56679,missing
0x9107C1B28d775E59f98BF3f4dE3b959816CF5526,3,56679,missing
0x9107C1B28d775E59f98BF3f4dE3b959816CF5526,4,56667,missing
0x9107C1B28d775E59f98BF3f4dE3b959816CF5526,5,56679,missing
0x9107C1B28d775E59f98BF3f4dE3b959816CF5526,6,56679,missing
0x9107C1B28d775E59f98BF3f4dE3b959816CF5526,7,56691,missing
0x9107C1B28d775E59f98BF3f4dE3b959816CF5526,8,56667,missing
0x9107C1B28d775E59f98BF3f4dE3b959816CF5526,9,56679,missing
0x9107C1B28d775E59f98BF3f4dE3b959816CF5526,10,56667,missing
0x9107C1B28d775E59f98BF3f4dE3b959816CF5526,11,39567,missing
0x9107C1B28d775E59f98BF3f4dE3b959816CF5526,12,39567,missing
0x9107C1B28d775E59f98BF3f4dE3b959816CF5526,13,56667,missing
0x9107C1B28d775E59f98BF3f4dE3b959816CF5526,14,56679,missing
0x9107C1B28d775E59f98BF3f4dE3b959816CF5526,15,56667,missing
0x9107C1B28d775E59f98BF3f4dE3b959816CF5526,16,34767,missing
0x9107C1B28d775E59f98BF3f4dE3b959816CF5526,17,39579,missing
0x9107C1B28d775E59f98BF3f4dE3b959816CF5526,18,34779,missing
0x9107C1B28d775E59f98BF3f4dE3b959816CF5526,19,39567,missing
0x9107C1B28d775E59f98BF3f4dE3b959816CF5526,20,39567,missing
0x9107C1B28d775E59f98BF3f4dE3b959816CF5526,21,56667,missing
0x9107C1B28d775E59f98BF3f4dE3b959816CF5526,22,39567,missing
0x9107C1B28d775E59f98BF3f4dE3b959816CF5526,23,56667,missing
0x9107C1B28d775E59f98BF3f4dE3b959816CF5526,24,56667,missing
0x9107C1B28d775E59f98BF3f4dE3b959816CF5526,25,56667,missing
0x9107C1B28d775E59f98BF3f4dE3b959816CF5526,26,56667,missing
0x9107C1B28d775E59f98BF3f4dE3b959816CF5526,27,56667,missing
0x9107C1B28d775E59f98BF3f4dE3b959816CF5526,28,56679,missing
0x9107C1B28d775E59f98BF3f4dE3b959816CF5526,29,39591,missing
0x9107C1B28d775E59f98BF3f4dE3b959816CF5526,30,39591,missing
0x9107C1B28d775E59f98BF3f4dE3b959816CF5526,31,56679,missing
0x9107C1B28d775E59f98BF3f4dE3b959816CF5526,32,56655,missing
0x9107C1B28d775E59f98BF3f4dE3b959816CF5526,33,39567,missing
0x9107C1B28d775E59f98BF3f4dE3b959816CF5526,34,56667,missing
0x9107C1B28d775E59f98BF3f4dE3b959816CF5526,35,39579,missing
0x9107C1B28d775E59f98BF3f4dE3b959816CF5526,36,39567,missing
0x9107C1B28d775E59f98BF3f4dE3b959816CF5526,37,39579,missing
0x9107C1B28d775E59f98BF3f4dE3b959816CF5526,38,39567,missing
0x9107C1B28d775E59f98BF3f4dE3b959816CF5526,39,39591,missing
0x9107C1B28d775E59f98BF3f4dE3b959816CF5526,40,34779,missing
0x9107C1B28d775E59f98BF3f4dE3b959816CF5526,41,34779,missing
0x9107C1B28d775E59f98BF3f4dE3b959816CF5526,count,41,0,-41
0x93c32845fae42c83a70e5f06214c8433665c2ab5,2,25832,28377,2545
0x93c32845fae42c83a70e5f06214c8433665c2ab5,count,1,2,1
0x93c32845fae42c83a70e5f06214c8433665c2ab5,1,missing,40061
0xa1fceeff3acc57d257b917e30c4df661401d6431,1,27619,missing
0xa1fceeff3acc57d257b917e30c4df661401d6431,2,27619,missing
0xa1fceeff3acc57d257b917e30c4df661401d6431,3,43552,missing
0xa1fceeff3acc57d257b917e30c4df661401d6431,4,67954,missing
0xa1fceeff3acc57d257b917e30c4df661401d6431,5,67012,missing
0xa1fceeff3acc57d257b917e30c4df661401d6431,6,131625,missing
0xa1fceeff3acc57d257b917e30c4df661401d6431,7,131625,missing
0xa1fceeff3acc57d257b917e30c4df661401d6431,8,131697,missing
0xa1fceeff3acc57d257b917e30c4df661401d6431,9,89236,missing
0xa1fceeff3acc57d257b917e30c4df661401d6431,10,130609,missing
0xa1fceeff3acc57d257b917e30c4df661401d6431,11,131709,missing
0xa1fceeff3acc57d257b917e30c4df661401d6431,12,131709,missing
0xa1fceeff3acc57d257b917e30c4df661401d6431,13,93464,missing
0xa1fceeff3acc57d257b917e30c4df661401d6431,14,83981,missing
0xa1fceeff3acc57d257b917e30c4df661401d6431,15,26569,missing
0xa1fceeff3acc57d257b917e30c4df661401d6431,16,36164,missing
0xa1fceeff3acc57d257b917e30c4df661401d6431,17,95650,missing
0xa1fceeff3acc57d257b917e30c4df661401d6431,18,27619,missing
0xa1fceeff3acc57d257b917e30c4df661401d6431,19,94611,missing
0xa1fceeff3acc57d257b917e30c4df661401d6431,20,27643,missing
0xa1fceeff3acc57d257b917e30c4df661401d6431,21,27643,missing
0xa1fceeff3acc57d257b917e30c4df661401d6431,22,26569,missing
0xa1fceeff3acc57d257b917e30c4df661401d6431,23,94599,missing
0xa1fceeff3acc57d257b917e30c4df661401d6431,24,97764,missing
0xa1fceeff3acc57d257b917e30c4df661401d6431,25,95638,missing
0xa1fceeff3acc57d257b917e30c4df661401d6431,26,96689,missing
0xa1fceeff3acc57d257b917e30c4df661401d6431,27,102041,missing
0xa1fceeff3acc57d257b917e30c4df661401d6431,28,93560,missing
0xa1fceeff3acc57d257b917e30c4df661401d6431,29,92473,missing
0xa1fceeff3acc57d257b917e30c4df661401d6431,30,93524,missing
0xa1fceeff3acc57d257b917e30c4df661401d6431,31,92521,missing
0xa1fceeff3acc57d257b917e30c4df661401d6431,32,40353,missing
0xa1fceeff3acc57d257b917e30c4df661401d6431,33,26557,missing
0xa1fceeff3acc57d257b917e30c4df661401d6431,34,26557,missing
0xa1fceeff3acc57d257b917e30c4df661401d6431,35,93536,missing
0xa1fceeff3acc57d257b917e30c4df661401d6431,36,93500,missing
0xa1fceeff3acc57d257b917e30c4df661401d6431,37,114728,missing
0xa1fceeff3acc57d257b917e30c4df661401d6431,38,93548,missing
0xa1fceeff3acc57d257b917e30c4df661401d6431,39,126415,missing
0xa1fceeff3acc57d257b917e30c4df661401d6431,40,60552,missing
0xa1fceeff3acc57d257b917e30c4df661401d6431,41,91386,missing
0xa1fceeff3acc57d257b917e30c4df661401d6431,42,93512,missing
0xa1fceeff3acc57d257b917e30c4df661401d6431,43,97716,missing
0xa1fceeff3acc57d257b917e30c4df661401d6431,44,93572,missing
0xa1fceeff3acc57d257b917e30c4df661401d6431,45,93524,missing
0xa1fceeff3acc57d257b917e30c4df661401d6431,46,93548,missing
0xa1fceeff3acc57d257b917e30c4df661401d6431,47,94599,missing
0xa1fceeff3acc57d257b917e30c4df661401d6431,48,93548,missing
0xa1fceeff3acc57d257b917e30c4df661401d6431,49,93572,missing
0xa1fceeff3acc57d257b917e30c4df661401d6431,50,36092,missing
0xa1fceeff3acc57d257b917e30c4df661401d6431,51,48864,missing
0xa1fceeff3acc57d257b917e30c4df661401d6431,count,51,0,-51
0x27f706edde3aD952EF647Dd67E24e38CD0803DD6,4,26666,28153,1487
0x27f706edde3aD952EF647Dd67E24e38CD0803DD6,15,23305,missing
0x27f706edde3aD952EF647Dd67E24e38CD0803DD6,41,26913,missing
0x27f706edde3aD952EF647Dd67E24e38CD0803DD6,155,26913,missing
0x27f706edde3aD952EF647Dd67E24e38CD0803DD6,156,26925,missing
0x27f706edde3aD952EF647Dd67E24e38CD0803DD6,157,26925,missing
0x27f706edde3aD952EF647Dd67E24e38CD0803DD6,158,26925,missing
0x27f706edde3aD952EF647Dd67E24e38CD0803DD6,160,26925,missing
0x27f706edde3aD952EF647Dd67E24e38CD0803DD6,161,26925,missing
0x27f706edde3aD952EF647Dd67E24e38CD0803DD6,162,26925,missing
0x27f706edde3aD952EF647Dd67E24e38CD0803DD6,163,26925,missing
0x27f706edde3aD952EF647Dd67E24e38CD0803DD6,164,26937,missing
0x27f706edde3aD952EF647Dd67E24e38CD0803DD6,165,26937,missing
0x27f706edde3aD952EF647Dd67E24e38CD0803DD6,185,26937,missing
0x27f706edde3aD952EF647Dd67E24e38CD0803DD6,283,26889,missing
0x27f706edde3aD952EF647Dd67E24e38CD0803DD6,307,46340,missing
0x27f706edde3aD952EF647Dd67E24e38CD0803DD6,count,16,84,68
0x27f706edde3aD952EF647Dd67E24e38CD0803DD6,5,missing,40061
0x27f706edde3aD952EF647Dd67E24e38CD0803DD6,35,missing,40061
0x27f706edde3aD952EF647Dd67E24e38CD0803DD6,69,missing,40061
0x27f706edde3aD952EF647Dd67E24e38CD0803DD6,70,missing,40061
0x27f706edde3aD952EF647Dd67E24e38CD0803DD6,71,missing,40061
0x27f706edde3aD952EF647Dd67E24e38CD0803DD6,72,missing,40061
0x27f706edde3aD952EF647Dd67E24e38CD0803DD6,73,missing,40061
0x27f706edde3aD952EF647Dd67E24e38CD0803DD6,74,missing,40061
0x27f706edde3aD952EF647Dd67E24e38CD0803DD6,75,missing,40061
0x27f706edde3aD952EF647Dd67E24e38CD0803DD6,76,missing,40061
0x27f706edde3aD952EF647Dd67E24e38CD0803DD6,77,missing,40061
0x27f706edde3aD952EF647Dd67E24e38CD0803DD6,78,missing,40061
0x27f706edde3aD952EF647Dd67E24e38CD0803DD6,79,missing,40061
0x27f706edde3aD952EF647Dd67E24e38CD0803DD6,80,missing,40061
0x27f706edde3aD952EF647Dd67E24e38CD0803DD6,81,missing,40061
0x27f706edde3aD952EF647Dd67E24e38CD0803DD6,82,missing,40061
0x27f706edde3aD952EF647Dd67E24e38CD0803DD6,83,missing,40061
0x27f706edde3aD952EF647Dd67E24e38CD0803DD6,84,missing,40061
0x27f706edde3aD952EF647Dd67E24e38CD0803DD6,86,missing,40061
0x27f706edde3aD952EF647Dd67E24e38CD0803DD6,87,missing,40061
0x27f706edde3aD952EF647Dd67E24e38CD0803DD6,88,missing,40061
0x27f706edde3aD952EF647Dd67E24e38CD0803DD6,89,missing,40061
0x27f706edde3aD952EF647Dd67E24e38CD0803DD6,90,missing,40061
0x27f706edde3aD952EF647Dd67E24e38CD0803DD6,92,missing,40061
0x27f706edde3aD952EF647Dd67E24e38CD0803DD6,94,missing,40061
0x27f706edde3aD952EF647Dd67E24e38CD0803DD6,95,missing,40061
0x27f706edde3aD952EF647Dd67E24e38CD0803DD6,96,missing,40061
0x27f706edde3aD952EF647Dd67E24e38CD0803DD6,97,missing,40061
0x27f706edde3aD952EF647Dd67E24e38CD0803DD6,98,missing,40061
0x27f706edde3aD952EF647Dd67E24e38CD0803DD6,99,missing,40061
0x27f706edde3aD952EF647Dd67E24e38CD0803DD6,100,missing,40061
0x27f706edde3aD952EF647Dd67E24e38CD0803DD6,101,missing,40061
0x27f706edde3aD952EF647Dd67E24e38CD0803DD6,102,missing,40061
0x27f706edde3aD952EF647Dd67E24e38CD0803DD6,103,missing,40061
0x27f706edde3aD952EF647Dd67E24e38CD0803DD6,104,missing,40061
0x27f706edde3aD952EF647Dd67E24e38CD0803DD6,105,missing,40061
0x27f706edde3aD952EF647Dd67E24e38CD0803DD6,106,missing,40061
0x27f706edde3aD952EF647Dd67E24e38CD0803DD6,107,missing,40061
0x27f706edde3aD952EF647Dd67E24e38CD0803DD6,108,missing,40061
0x27f706edde3aD952EF647Dd67E24e38CD0803DD6,109,missing,40061
0x27f706edde3aD952EF647Dd67E24e38CD0803DD6,111,missing,40061
0x27f706edde3aD952EF647Dd67E24e38CD0803DD6,112,missing,40061
0x27f706edde3aD952EF647Dd67E24e38CD0803DD6,113,missing,40061
0x27f706edde3aD952EF647Dd67E24e38CD0803DD6,114,missing,40061
0x27f706edde3aD952EF647Dd67E24e38CD0803DD6,115,missing,40061
0x27f706edde3aD952EF647Dd67E24e38CD0803DD6,116,missing,40061
0x27f706edde3aD952EF647Dd67E24e38CD0803DD6,117,missing,40061
0x27f706edde3aD952EF647Dd67E24e38CD0803DD6,118,missing,40061
0x27f706edde3aD952EF647Dd67E24e38CD0803DD6,119,missing,40061
0x27f706edde3aD952EF647Dd67E24e38CD0803DD6,120,missing,40061
0x27f706edde3aD952EF647Dd67E24e38CD0803DD6,121,missing,40061
0x27f706edde3aD952EF647Dd67E24e38CD0803DD6,122,missing,40061
0x27f706edde3aD952EF647Dd67E24e38CD0803DD6,123,missing,40061
0x27f706edde3aD952EF647Dd67E24e38CD0803DD6,124,missing,40061
0x27f706edde3aD952EF647Dd67E24e38CD0803DD6,125,missing,40061
0x27f706edde3aD952EF647Dd67E24e38CD0803DD6,126,missing,40061
0x27f706edde3aD952EF647Dd67E24e38CD0803DD6,127,missing,40061
0x27f706edde3aD952EF647Dd67E24e38CD0803DD6,128,missing,40061
0x27f706edde3aD952EF647Dd67E24e38CD0803DD6,129,missing,40061
0x27f706edde3aD952EF647Dd67E24e38CD0803DD6,130,missing,40061
0x27f706edde3aD952EF647Dd67E24e38CD0803DD6,131,missing,40061
0x27f706edde3aD952EF647Dd67E24e38CD0803DD6,132,missing,40061
0x27f706edde3aD952EF647Dd67E24e38CD0803DD6,134,missing,40061
0x27f706edde3aD952EF647Dd67E24e38CD0803DD6,135,missing,40061
0x27f706edde3aD952EF647Dd67E24e38CD0803DD6,136,missing,40061
0x27f706edde3aD952EF647Dd67E24e38CD0803DD6,141,missing,40061
0x27f706edde3aD952EF647Dd67E24e38CD0803DD6,142,missing,40061
0x27f706edde3aD952EF647Dd67E24e38CD0803DD6,143,missing,40061
0x27f706edde3aD952EF647Dd67E24e38CD0803DD6,144,missing,40061
0x27f706edde3aD952EF647Dd67E24e38CD0803DD6,145,missing,40061
0x27f706edde3aD952EF647Dd67E24e38CD0803DD6,192,missing,40061
0x27f706edde3aD952EF647Dd67E24e38CD0803DD6,197,missing,40061
0x27f706edde3aD952EF647Dd67E24e38CD0803DD6,199,missing,40061
0x27f706edde3aD952EF647Dd67E24e38CD0803DD6,216,missing,40061
0x27f706edde3aD952EF647Dd67E24e38CD0803DD6,217,missing,40061
0x27f706edde3aD952EF647Dd67E24e38CD0803DD6,218,missing,40061
0x27f706edde3aD952EF647Dd67E24e38CD0803DD6,222,missing,40061
0x27f706edde3aD952EF647Dd67E24e38CD0803DD6,223,missing,40061
0x27f706edde3aD952EF647Dd67E24e38CD0803DD6,224,missing,40061
0x27f706edde3aD952EF647Dd67E24e38CD0803DD6,225,missing,40061
0x27f706edde3aD952EF647Dd67E24e38CD0803DD6,226,missing,40061
0x27f706edde3aD952EF647Dd67E24e38CD0803DD6,232,missing,40061
0x27f706edde3aD952EF647Dd67E24e38CD0803DD6,234,missing,40061
0x47427A4921bdF2b3ac75eCF53193A5265aF4a12F,1,56522,missing
0x47427A4921bdF2b3ac75eCF53193A5265aF4a12F,2,56522,missing
0x47427A4921bdF2b3ac75eCF53193A5265aF4a12F,3,56522,missing
0x47427A4921bdF2b3ac75eCF53193A5265aF4a12F,4,51722,missing
0x47427A4921bdF2b3ac75eCF53193A5265aF4a12F,5,56522,missing
0x47427A4921bdF2b3ac75eCF53193A5265aF4a12F,6,56510,missing
0x47427A4921bdF2b3ac75eCF53193A5265aF4a12F,7,56510,missing
0x47427A4921bdF2b3ac75eCF53193A5265aF4a12F,8,39410,missing
0x47427A4921bdF2b3ac75eCF53193A5265aF4a12F,9,56522,missing
0x47427A4921bdF2b3ac75eCF53193A5265aF4a12F,10,56510,missing
0x47427A4921bdF2b3ac75eCF53193A5265aF4a12F,11,39410,missing
0x47427A4921bdF2b3ac75eCF53193A5265aF4a12F,12,56510,missing
0x47427A4921bdF2b3ac75eCF53193A5265aF4a12F,14,103683,missing
0x47427A4921bdF2b3ac75eCF53193A5265aF4a12F,15,56498,missing
0x47427A4921bdF2b3ac75eCF53193A5265aF4a12F,16,56510,missing
0x47427A4921bdF2b3ac75eCF53193A5265aF4a12F,17,76208,missing
0x47427A4921bdF2b3ac75eCF53193A5265aF4a12F,18,33607,missing
0x47427A4921bdF2b3ac75eCF53193A5265aF4a12F,19,76208,missing
0x47427A4921bdF2b3ac75eCF53193A5265aF4a12F,21,91214,missing
0x47427A4921bdF2b3ac75eCF53193A5265aF4a12F,26,87014,missing
0x47427A4921bdF2b3ac75eCF53193A5265aF4a12F,27,104114,missing
0x47427A4921bdF2b3ac75eCF53193A5265aF4a12F,28,56522,missing
0x47427A4921bdF2b3ac75eCF53193A5265aF4a12F,29,56534,missing
0x47427A4921bdF2b3ac75eCF53193A5265aF4a12F,count,23,0,-23
0xB5335e24d0aB29C190AB8C2B459238Da1153cEBA,1,80773,missing
0xB5335e24d0aB29C190AB8C2B459238Da1153cEBA,2,38582,33324,-5258
0xB5335e24d0aB29C190AB8C2B459238Da1153cEBA,3,63685,missing
0xB5335e24d0aB29C190AB8C2B459238Da1153cEBA,4,63673,missing
0xB5335e24d0aB29C190AB8C2B459238Da1153cEBA,5,46573,missing
0xB5335e24d0aB29C190AB8C2B459238Da1153cEBA,6,63673,missing
0xB5335e24d0aB29C190AB8C2B459238Da1153cEBA,7,63673,missing
0xB5335e24d0aB29C190AB8C2B459238Da1153cEBA,8,63673,missing
0xB5335e24d0aB29C190AB8C2B459238Da1153cEBA,9,63673,missing
0xB5335e24d0aB29C190AB8C2B459238Da1153cEBA,10,63673,missing
0xB5335e24d0aB29C190AB8C2B459238Da1153cEBA,11,63673,missing
0xB5335e24d0aB29C190AB8C2B459238Da1153cEBA,12,63673,missing
0xB5335e24d0aB29C190AB8C2B459238Da1153cEBA,13,63673,missing
0xB5335e24d0aB29C190AB8C2B459238Da1153cEBA,14,63673,missing
0xB5335e24d0aB29C190AB8C2B459238Da1153cEBA,15,63673,missing
0xB5335e24d0aB29C190AB8C2B459238Da1153cEBA,16,63673,missing
0xB5335e24d0aB29C190AB8C2B459238Da1153cEBA,17,63673,missing
0xB5335e24d0aB29C190AB8C2B459238Da1153cEBA,18,63661,missing
0xB5335e24d0aB29C190AB8C2B459238Da1153cEBA,19,63673,missing
0xB5335e24d0aB29C190AB8C2B459238Da1153cEBA,20,63673,missing
0xB5335e24d0aB29C190AB8C2B459238Da1153cEBA,21,63673,missing
0xB5335e24d0aB29C190AB8C2B459238Da1153cEBA,22,63673,missing
0xB5335e24d0aB29C190AB8C2B459238Da1153cEBA,23,63673,missing
0xB5335e24d0aB29C190AB8C2B459238Da1153cEBA,24,63673,missing
0xB5335e24d0aB29C190AB8C2B459238Da1153cEBA,25,63673,missing
0xB5335e24d0aB29C190AB8C2B459238Da1153cEBA,26,63673,missing
0xB5335e24d0aB29C190AB8C2B459238Da1153cEBA,27,63673,missing
0xB5335e24d0aB29C190AB8C2B459238Da1153cEBA,28,63673,missing
0xB5335e24d0aB29C190AB8C2B459238Da1153cEBA,29,63673,missing
0xB5335e24d0aB29C190AB8C2B459238Da1153cEBA,30,63673,missing
0xB5335e24d0aB29C190AB8C2B459238Da1153cEBA,31,63673,missing
0xB5335e24d0aB29C190AB8C2B459238Da1153cEBA,32,63673,missing
0xB5335e24d0aB29C190AB8C2B459238Da1153cEBA,33,63673,missing
0xB5335e24d0aB29C190AB8C2B459238Da1153cEBA,34,63673,missing
0xB5335e24d0aB29C190AB8C2B459238Da1153cEBA,35,46573,missing
0xB5335e24d0aB29C190AB8C2B459238Da1153cEBA,36,63673,missing
0xB5335e24d0aB29C190AB8C2B459238Da1153cEBA,37,63673,missing
0xB5335e24d0aB29C190AB8C2B459238Da1153cEBA,38,46573,missing
0xB5335e24d0aB29C190AB8C2B459238Da1153cEBA,39,63673,missing
0xB5335e24d0aB29C190AB8C2B459238Da1153cEBA,40,63673,missing
0xB5335e24d0aB29C190AB8C2B459238Da1153cEBA,41,63673,missing
0xB5335e24d0aB29C190AB8C2B459238Da1153cEBA,42,63673,missing
0xB5335e24d0aB29C190AB8C2B459238Da1153cEBA,43,63673,missing
0xB5335e24d0aB29C190AB8C2B459238Da1153cEBA,44,63673,missing
0xB5335e24d0aB29C190AB8C2B459238Da1153cEBA,45,63673,missing
0xB5335e24d0aB29C190AB8C2B459238Da1153cEBA,46,63673,missing
0xB5335e24d0aB29C190AB8C2B459238Da1153cEBA,47,63673,missing
0xB5335e24d0aB29C190AB8C2B459238Da1153cEBA,48,63673,missing
0xB5335e24d0aB29C190AB8C2B459238Da1153cEBA,49,63673,missing
0xB5335e24d0aB29C190AB8C2B459238Da1153cEBA,50,63673,missing
0xB5335e24d0aB29C190AB8C2B459238Da1153cEBA,51,63673,missing
0xB5335e24d0aB29C190AB8C2B459238Da1153cEBA,52,63661,missing
0xB5335e24d0aB29C190AB8C2B459238Da1153cEBA,53,63673,missing
0xB5335e24d0aB29C190AB8C2B459238Da1153cEBA,54,63673,missing
0xB5335e24d0aB29C190AB8C2B459238Da1153cEBA,55,63673,missing
0xB5335e24d0aB29C190AB8C2B459238Da1153cEBA,56,63673,missing
0xB5335e24d0aB29C190AB8C2B459238Da1153cEBA,57,63661,missing
0xB5335e24d0aB29C190AB8C2B459238Da1153cEBA,58,63673,missing
0xB5335e24d0aB29C190AB8C2B459238Da1153cEBA,59,63673,missing
0xB5335e24d0aB29C190AB8C2B459238Da1153cEBA,60,63673,missing
0xB5335e24d0aB29C190AB8C2B459238Da1153cEBA,61,63673,missing
0xB5335e24d0aB29C190AB8C2B459238Da1153cEBA,62,63661,missing
0xB5335e24d0aB29C190AB8C2B459238Da1153cEBA,63,63673,missing
0xB5335e24d0aB29C190AB8C2B459238Da1153cEBA,64,63673,missing
0xB5335e24d0aB29C190AB8C2B459238Da1153cEBA,65,63673,missing
0xB5335e24d0aB29C190AB8C2B459238Da1153cEBA,66,63673,missing
0xB5335e24d0aB29C190AB8C2B459238Da1153cEBA,67,63673,missing
0xB5335e24d0aB29C190AB8C2B459238Da1153cEBA,68,63673,missing
0xB5335e24d0aB29C190AB8C2B459238Da1153cEBA,69,63673,missing
0xB5335e24d0aB29C190AB8C2B459238Da1153cEBA,70,63673,missing
0xB5335e24d0aB29C190AB8C2B459238Da1153cEBA,71,63673,missing
0xB5335e24d0aB29C190AB8C2B459238Da1153cEBA,72,63661,missing
0xB5335e24d0aB29C190AB8C2B459238Da1153cEBA,73,63673,missing
0xB5335e24d0aB29C190AB8C2B459238Da1153cEBA,74,63673,missing
0xB5335e24d0aB29C190AB8C2B459238Da1153cEBA,75,63673,missing
0xB5335e24d0aB29C190AB8C2B459238Da1153cEBA,76,63673,missing
0xB5335e24d0aB29C190AB8C2B459238Da1153cEBA,77,63673,missing
0xB5335e24d0aB29C190AB8C2B459238Da1153cEBA,78,63673,missing
0xB5335e24d0aB29C190AB8C2B459238Da1153cEBA,79,63673,missing
0xB5335e24d0aB29C190AB8C2B459238Da1153cEBA,80,63673,missing
0xB5335e24d0aB29C190AB8C2B459238Da1153cEBA,81,63673,missing
0xB5335e24d0aB29C190AB8C2B459238Da1153cEBA,82,63673,missing
0xB5335e24d0aB29C190AB8C2B459238Da1153cEBA,83,63673,missing
0xB5335e24d0aB29C190AB8C2B459238Da1153cEBA,84,63673,missing
0xB5335e24d0aB29C190AB8C2B459238Da1153cEBA,85,63673,missing
0xB5335e24d0aB29C190AB8C2B459238Da1153cEBA,86,63673,missing
0xB5335e24d0aB29C190AB8C2B459238Da1153cEBA,87,63673,missing
0xB5335e24d0aB29C190AB8C2B459238Da1153cEBA,88,63673,missing
0xB5335e24d0aB29C190AB8C2B459238Da1153cEBA,89,63673,missing
0xB5335e24d0aB29C190AB8C2B459238Da1153cEBA,90,63673,missing
0xB5335e24d0aB29C190AB8C2B459238Da1153cEBA,91,63673,missing
0xB5335e24d0aB29C190AB8C2B459238Da1153cEBA,92,63673,missing
0xB5335e24d0aB29C190AB8C2B459238Da1153cEBA,93,63673,missing
0xB5335e24d0aB29C190AB8C2B459238Da1153cEBA,94,63673,missing
0xB5335e24d0aB29C190AB8C2B459238Da1153cEBA,95,63673,missing
0xB5335e24d0aB29C190AB8C2B459238Da1153cEBA,96,63673,missing
0xB5335e24d0aB29C190AB8C2B459238Da1153cEBA,97,63673,missing
0xB5335e24d0aB29C190AB8C2B459238Da1153cEBA,98,63673,missing
0xB5335e24d0aB29C190AB8C2B459238Da1153cEBA,99,63673,missing
0xB5335e24d0aB29C190AB8C2B459238Da1153cEBA,100,63673,missing
0xB5335e24d0aB29C190AB8C2B459238Da1153cEBA,101,63673,missing
0xB5335e24d0aB29C190AB8C2B459238Da1153cEBA,102,63673,missing
0xB5335e24d0aB29C190AB8C2B459238Da1153cEBA,103,63673,missing
0xB5335e24d0aB29C190AB8C2B459238Da1153cEBA,104,63673,missing
0xB5335e24d0aB29C190AB8C2B459238Da1153cEBA,105,63673,missing
0xB5335e24d0aB29C190AB8C2B459238Da1153cEBA,106,63673,missing
0xB5335e24d0aB29C190AB8C2B459238Da1153cEBA,107,63661,missing
0xB5335e24d0aB29C190AB8C2B459238Da1153cEBA,108,63673,missing
0xB5335e24d0aB29C190AB8C2B459238Da1153cEBA,109,63673,missing
0xB5335e24d0aB29C190AB8C2B459238Da1153cEBA,110,46573,missing
0xB5335e24d0aB29C190AB8C2B459238Da1153cEBA,111,46573,missing
0xB5335e24d0aB29C190AB8C2B459238Da1153cEBA,112,46573,missing
0xB5335e24d0aB29C190AB8C2B459238Da1153cEBA,113,46573,missing
0xB5335e24d0aB29C190AB8C2B459238Da1153cEBA,114,63673,missing
0xB5335e24d0aB29C190AB8C2B459238Da1153cEBA,115,63661,missing
0xB5335e24d0aB29C190AB8C2B459238Da1153cEBA,116,63673,missing
0xB5335e24d0aB29C190AB8C2B459238Da1153cEBA,117,63673,missing
0xB5335e24d0aB29C190AB8C2B459238Da1153cEBA,118,46573,missing
0xB5335e24d0aB29C190AB8C2B459238Da1153cEBA,119,63673,missing
0xB5335e24d0aB29C190AB8C2B459238Da1153cEBA,120,63673,missing
0xB5335e24d0aB29C190AB8C2B459238Da1153cEBA,121,63673,missing
0xB5335e24d0aB29C190AB8C2B459238Da1153cEBA,122,63673,missing
0xB5335e24d0aB29C190AB8C2B459238Da1153cEBA,123,63673,missing
0xB5335e24d0aB29C190AB8C2B459238Da1153cEBA,124,63673,missing
0xB5335e24d0aB29C190AB8C2B459238Da1153cEBA,125,63673,missing
0xB5335e24d0aB29C190AB8C2B459238Da1153cEBA,126,63673,missing
0xB5335e24d0aB29C190AB8C2B459238Da1153cEBA,127,63673,missing
0xB5335e24d0aB29C190AB8C2B459238Da1153cEBA,128,63673,missing
0xB5335e24d0aB29C190AB8C2B459238Da1153cEBA,129,63673,missing
0xB5335e24d0aB29C190AB8C2B459238Da1153cEBA,130,63673,missing
0xB5335e24d0aB29C190AB8C2B459238Da1153cEBA,131,63673,missing
0xB5335e24d0aB29C190AB8C2B459238Da1153cEBA,132,63673,missing
0xB5335e24d0aB29C190AB8C2B459238Da1153cEBA,133,63673,missing
0xB5335e24d0aB29C190AB8C2B459238Da1153cEBA,134,63673,missing
0xB5335e24d0aB29C190AB8C2B459238Da1153cEBA,135,63673,missing
0xB5335e24d0aB29C190AB8C2B459238Da1153cEBA,136,46573,missing
0xB5335e24d0aB29C190AB8C2B459238Da1153cEBA,137,46573,missing
0xB5335e24d0aB29C190AB8C2B459238Da1153cEBA,138,46573,missing
0xB5335e24d0aB29C190AB8C2B459238Da1153cEBA,139,46573,missing
0xB5335e24d0aB29C190AB8C2B459238Da1153cEBA,140,46573,missing
0xB5335e24d0aB29C190AB8C2B459238Da1153cEBA,141,46309,missing
0xB5335e24d0aB29C190AB8C2B459238Da1153cEBA,142,63673,missing
0xB5335e24d0aB29C190AB8C2B459238Da1153cEBA,143,46573,missing
0xB5335e24d0aB29C190AB8C2B459238Da1153cEBA,144,63673,missing
0xB5335e24d0aB29C190AB8C2B459238Da1153cEBA,145,63673,missing
0xB5335e24d0aB29C190AB8C2B459238Da1153cEBA,146,63673,missing
0xB5335e24d0aB29C190AB8C2B459238Da1153cEBA,147,63673,missing
0xB5335e24d0aB29C190AB8C2B459238Da1153cEBA,148,63673,missing
0xB5335e24d0aB29C190AB8C2B459238Da1153cEBA,149,63673,missing
0xB5335e24d0aB29C190AB8C2B459238Da1153cEBA,150,63673,missing
0xB5335e24d0aB29C190AB8C2B459238Da1153cEBA,151,63673,missing
0xB5335e24d0aB29C190AB8C2B459238Da1153cEBA,152,63673,missing
0xB5335e24d0aB29C190AB8C2B459238Da1153cEBA,153,46573,missing
0xB5335e24d0aB29C190AB8C2B459238Da1153cEBA,154,46573,missing
0xB5335e24d0aB29C190AB8C2B459238Da1153cEBA,155,46573,missing
0xB5335e24d0aB29C190AB8C2B459238Da1153cEBA,156,63673,missing
0xB5335e24d0aB29C190AB8C2B459238Da1153cEBA,157,63673,missing
0xB5335e24d0aB29C190AB8C2B459238Da1153cEBA,158,63673,missing
0xB5335e24d0aB29C190AB8C2B459238Da1153cEBA,159,63661,missing
0xB5335e24d0aB29C190AB8C2B459238Da1153cEBA,160,63673,missing
0xB5335e24d0aB29C190AB8C2B459238Da1153cEBA,161,63673,missing
0xB5335e24d0aB29C190AB8C2B459238Da1153cEBA,162,63673,missing
0xB5335e24d0aB29C190AB8C2B459238Da1153cEBA,163,63673,missing
0xB5335e24d0aB29C190AB8C2B459238Da1153cEBA,164,63673,missing
0xB5335e24d0aB29C190AB8C2B459238Da1153cEBA,165,63673,missing
0xB5335e24d0aB29C190AB8C2B459238Da1153cEBA,166,63661,missing
0xB5335e24d0aB29C190AB8C2B459238Da1153cEBA,167,63673,missing
0xB5335e24d0aB29C190AB8C2B459238Da1153cEBA,168,63673,missing
0xB5335e24d0aB29C190AB8C2B459238Da1153cEBA,169,63673,missing
0xB5335e24d0aB29C190AB8C2B459238Da1153cEBA,170,63673,missing
0xB5335e24d0aB29C190AB8C2B459238Da1153cEBA,171,63673,missing
0xB5335e24d0aB29C190AB8C2B459238Da1153cEBA,172,63673,missing
0xB5335e24d0aB29C190AB8C2B459238Da1153cEBA,173,63673,missing
0xB5335e24d0aB29C190AB8C2B459238Da1153cEBA,174,63673,missing
0xB5335e24d0aB29C190AB8C2B459238Da1153cEBA,175,63673,missing
0xB5335e24d0aB29C190AB8C2B459238Da1153cEBA,176,63673,missing
0xB5335e24d0aB29C190AB8C2B459238Da1153cEBA,177,63673,missing
0xB5335e24d0aB29C190AB8C2B459238Da1153cEBA,178,63673,missing
0xB5335e24d0aB29C190AB8C2B459238Da1153cEBA,179,63673,missing
0xB5335e24d0aB29C190AB8C2B459238Da1153cEBA,180,63661,missing
0xB5335e24d0aB29C190AB8C2B459238Da1153cEBA,181,63673,missing
0xB5335e24d0aB29C190AB8C2B459238Da1153cEBA,182,63673,missing
0xB5335e24d0aB29C190AB8C2B459238Da1153cEBA,183,63673,missing
0xB5335e24d0aB29C190AB8C2B459238Da1153cEBA,184,63673,missing
0xB5335e24d0aB29C190AB8C2B459238Da1153cEBA,185,63661,missing
0xB5335e24d0aB29C190AB8C2B459238Da1153cEBA,186,63673,missing
0xB5335e24d0aB29C190AB8C2B459238Da1153cEBA,187,63673,missing
0xB5335e24d0aB29C190AB8C2B459238Da1153cEBA,188,63673,missing
0xB5335e24d0aB29C190AB8C2B459238Da1153cEBA,189,63673,missing
0xB5335e24d0aB29C190AB8C2B459238Da1153cEBA,190,63673,missing
0xB5335e24d0aB29C190AB8C2B459238Da1153cEBA,191,63673,missing
0xB5335e24d0aB29C190AB8C2B459238Da1153cEBA,192,63661,missing
0xB5335e24d0aB29C190AB8C2B459238Da1153cEBA,193,63673,missing
0xB5335e24d0aB29C190AB8C2B459238Da1153cEBA,194,63673,missing
0xB5335e24d0aB29C190AB8C2B459238Da1153cEBA,195,63673,missing
0xB5335e24d0aB29C190AB8C2B459238Da1153cEBA,196,63673,missing
0xB5335e24d0aB29C190AB8C2B459238Da1153cEBA,197,63673,missing
0xB5335e24d0aB29C190AB8C2B459238Da1153cEBA,198,63673,missing
0xB5335e24d0aB29C190AB8C2B459238Da1153cEBA,199,63673,missing
0xB5335e24d0aB29C190AB8C2B459238Da1153cEBA,200,63673,missing
0xB5335e24d0aB29C190AB8C2B459238Da1153cEBA,201,63673,missing
0xB5335e24d0aB29C190AB8C2B459238Da1153cEBA,202,63673,missing
0xB5335e24d0aB29C190AB8C2B459238Da1153cEBA,203,63673,missing
0xB5335e24d0aB29C190AB8C2B459238Da1153cEBA,204,63673,missing
0xB5335e24d0aB29C190AB8C2B459238Da1153cEBA,205,63673,missing
0xB5335e24d0aB29C190AB8C2B459238Da1153cEBA,206,63673,missing
0xB5335e24d0aB29C190AB8C2B459238Da1153cEBA,207,63661,missing
0xB5335e24d0aB29C190AB8C2B459238Da1153cEBA,208,63673,missing
0xB5335e24d0aB29C190AB8C2B459238Da1153cEBA,209,63673,missing
0xB5335e24d0aB29C190AB8C2B459238Da1153cEBA,210,63673,missing
0xB5335e24d0aB29C190AB8C2B459238Da1153cEBA,211,63673,missing
0xB5335e24d0aB29C190AB8C2B459238Da1153cEBA,212,63673,missing
0xB5335e24d0aB29C190AB8C2B459238Da1153cEBA,213,63673,missing
0xB5335e24d0aB29C190AB8C2B459238Da1153cEBA,214,63661,missing
0xB5335e24d0aB29C190AB8C2B459238Da1153cEBA,215,63673,missing
0xB5335e24d0aB29C190AB8C2B459238Da1153cEBA,216,63673,missing
0xB5335e24d0aB29C190AB8C2B459238Da1153cEBA,217,63673,missing
0xB5335e24d0aB29C190AB8C2B459238Da1153cEBA,218,63673,missing
0xB5335e24d0aB29C190AB8C2B459238Da1153cEBA,219,63673,missing
0xB5335e24d0aB29C190AB8C2B459238Da1153cEBA,220,63673,missing
0xB5335e24d0aB29C190AB8C2B459238Da1153cEBA,221,63673,missing
0xB5335e24d0aB29C190AB8C2B459238Da1153cEBA,222,63685,missing
0xB5335e24d0aB29C190AB8C2B459238Da1153cEBA,223,63661,missing
0xB5335e24d0aB29C190AB8C2B459238Da1153cEBA,224,63673,missing
0xB5335e24d0aB29C190AB8C2B459238Da1153cEBA,225,63673,missing
0xB5335e24d0aB29C190AB8C2B459238Da1153cEBA,226,63673,missing
0xB5335e24d0aB29C190AB8C2B459238Da1153cEBA,227,63673,missing
0xB5335e24d0aB29C190AB8C2B459238Da1153cEBA,228,63673,missing
0xB5335e24d0aB29C190AB8C2B459238Da1153cEBA,229,63673,missing
0xB5335e24d0aB29C190AB8C2B459238Da1153cEBA,230,63673,missing
0xB5335e24d0aB29C190AB8C2B459238Da1153cEBA,231,63673,missing
0xB5335e24d0aB29C190AB8C2B459238Da1153cEBA,232,63673,missing
0xB5335e24d0aB29C190AB8C2B459238Da1153cEBA,233,63673,missing
0xB5335e24d0aB29C190AB8C2B459238Da1153cEBA,234,63673,missing
0xB5335e24d0aB29C190AB8C2B459238Da1153cEBA,235,63673,missing
0xB5335e24d0aB29C190AB8C2B459238Da1153cEBA,236,63673,missing
0xB5335e24d0aB29C190AB8C2B459238Da1153cEBA,237,63673,missing
0xB5335e24d0aB29C190AB8C2B459238Da1153cEBA,238,63673,missing
0xB5335e24d0aB29C190AB8C2B459238Da1153cEBA,239,63673,missing
0xB5335e24d0aB29C190AB8C2B459238Da1153cEBA,240,63673,missing
0xB5335e24d0aB29C190AB8C2B459238Da1153cEBA,241,63673,missing
0xB5335e24d0aB29C190AB8C2B459238Da1153cEBA,242,63673,missing
0xB5335e24d0aB29C190AB8C2B459238Da1153cEBA,243,63673,missing
0xB5335e24d0aB29C190AB8C2B459238Da1153cEBA,244,63673,missing
0xB5335e24d0aB29C190AB8C2B459238Da1153cEBA,245,63673,missing
0xB5335e24d0aB29C190AB8C2B459238Da1153cEBA,246,63673,missing
0xB5335e24d0aB29C190AB8C2B459238Da1153cEBA,247,63673,missing
0xB5335e24d0aB29C190AB8C2B459238Da1153cEBA,248,63673,missing
0xB5335e24d0aB29C190AB8C2B459238Da1153cEBA,249,63673,missing
0xB5335e24d0aB29C190AB8C2B459238Da1153cEBA,250,63673,missing
0xB5335e24d0aB29C190AB8C2B459238Da1153cEBA,251,63673,missing
0xB5335e24d0aB29C190AB8C2B459238Da1153cEBA,252,63673,missing
0xB5335e24d0aB29C190AB8C2B459238Da1153cEBA,253,63673,missing
0xB5335e24d0aB29C190AB8C2B459238Da1153cEBA,254,63673,missing
0xB5335e24d0aB29C190AB8C2B459238Da1153cEBA,255,63673,missing
0xB5335e24d0aB29C190AB8C2B459238Da1153cEBA,256,63673,missing
0xB5335e24d0aB29C190AB8C2B459238Da1153cEBA,257,63673,missing
0xB5335e24d0aB29C190AB8C2B459238Da1153cEBA,258,63673,missing
0xB5335e24d0aB29C190AB8C2B459238Da1153cEBA,259,63673,missing
0xB5335e24d0aB29C190AB8C2B459238Da1153cEBA,260,63673,missing
0xB5335e24d0aB29C190AB8C2B459238Da1153cEBA,261,63673,missing
0xB5335e24d0aB29C190AB8C2B459238Da1153cEBA,262,63673,missing
0xB5335e24d0aB29C190AB8C2B459238Da1153cEBA,263,63673,missing
0xB5335e24d0aB29C190AB8C2B459238Da1153cEBA,264,63673,missing
0xB5335e24d0aB29C190AB8C2B459238Da1153cEBA,265,63673,missing
0xB5335e24d0aB29C190AB8C2B459238Da1153cEBA,266,63673,missing
0xB5335e24d0aB29C190AB8C2B459238Da1153cEBA,267,63673,missing
0xB5335e24d0aB29C190AB8C2B459238Da1153cEBA,268,63673,missing
0xB5335e24d0aB29C190AB8C2B459238Da1153cEBA,269,63673,missing
0xB5335e24d0aB29C190AB8C2B459238Da1153cEBA,270,63649,missing
0xB5335e24d0aB29C190AB8C2B459238Da1153cEBA,271,63673,missing
0xB5335e24d0aB29C190AB8C2B459238Da1153cEBA,272,63673,missing
0xB5335e24d0aB29C190AB8C2B459238Da1153cEBA,273,63673,missing
0xB5335e24d0aB29C190AB8C2B459238Da1153cEBA,274,63673,missing
0xB5335e24d0aB29C190AB8C2B459238Da1153cEBA,275,63673,missing
0xB5335e24d0aB29C190AB8C2B459238Da1153cEBA,276,63673,missing
0xB5335e24d0aB29C190AB8C2B459238Da1153cEBA,277,63673,missing
0xB5335e24d0aB29C190AB8C2B459238Da1153cEBA,278,63673,missing
0xB5335e24d0aB29C190AB8C2B459238Da1153cEBA,279,63673,missing
0xB5335e24d0aB29C190AB8C2B459238Da1153cEBA,280,63673,missing
0xB5335e24d0aB29C190AB8C2B459238Da1153cEBA,281,63673,missing
0xB5335e24d0aB29C190AB8C2B459238Da1153cEBA,282,63673,missing
0xB5335e24d0aB29C190AB8C2B459238Da1153cEBA,283,63673,missing
0xB5335e24d0aB29C190AB8C2B459238Da1153cEBA,284,63673,missing
0xB5335e24d0aB29C190AB8C2B459238Da1153cEBA,285,63673,missing
0xB5335e24d0aB29C190AB8C2B459238Da1153cEBA,286,63673,missing
0xB5335e24d0aB29C190AB8C2B459238Da1153cEBA,287,63673,missing
0xB5335e24d0aB29C190AB8C2B459238Da1153cEBA,288,63673,missing
0xB5335e24d0aB29C190AB8C2B459238Da1153cEBA,289,63673,missing
0xB5335e24d0aB29C190AB8C2B459238Da1153cEBA,290,63673,missing
0xB5335e24d0aB29C190AB8C2B459238Da1153cEBA,291,63673,missing
0xB5335e24d0aB29C190AB8C2B459238Da1153cEBA,292,63673,missing
0xB5335e24d0aB29C190AB8C2B459238Da1153cEBA,293,63673,missing
0xB5335e24d0aB29C190AB8C2B459238Da1153cEBA,294,63673,missing
0xB5335e24d0aB29C190AB8C2B459238Da1153cEBA,295,63673,missing
0xB5335e24d0aB29C190AB8C2B459238Da1153cEBA,296,63673,missing
0xB5335e24d0aB29C190AB8C2B459238Da1153cEBA,297,63673,missing
0xB5335e24d0aB29C190AB8C2B459238Da1153cEBA,298,63661,missing
0xB5335e24d0aB29C190AB8C2B459238Da1153cEBA,299,63673,missing
0xB5335e24d0aB29C190AB8C2B459238Da1153cEBA,300,63673,missing
0xB5335e24d0aB29C190AB8C2B459238Da1153cEBA,301,63673,missing
0xB5335e24d0aB29C190AB8C2B459238Da1153cEBA,302,63673,missing
0xB5335e24d0aB29C190AB8C2B459238Da1153cEBA,303,63673,missing
0xB5335e24d0aB29C190AB8C2B459238Da1153cEBA,304,63673,missing
0xB5335e24d0aB29C190AB8C2B459238Da1153cEBA,305,63661,missing
0xB5335e24d0aB29C190AB8C2B459238Da1153cEBA,306,63673,missing
0xB5335e24d0aB29C190AB8C2B459238Da1153cEBA,307,63673,missing
0xB5335e24d0aB29C190AB8C2B459238Da1153cEBA,308,63673,missing
0xB5335e24d0aB29C190AB8C2B459238Da1153cEBA,309,63673,missing
0xB5335e24d0aB29C190AB8C2B459238Da1153cEBA,310,63673,missing
0xB5335e24d0aB29C190AB8C2B459238Da1153cEBA,311,63661,missing
0xB5335e24d0aB29C190AB8C2B459238Da1153cEBA,312,63673,missing
0xB5335e24d0aB29C190AB8C2B459238Da1153cEBA,313,63673,missing
0xB5335e24d0aB29C190AB8C2B459238Da1153cEBA,314,63673,missing
0xB5335e24d0aB29C190AB8C2B459238Da1153cEBA,315,63649,missing
0xB5335e24d0aB29C190AB8C2B459238Da1153cEBA,316,63673,missing
0xB5335e24d0aB29C190AB8C2B459238Da1153cEBA,317,63661,missing
0xB5335e24d0aB29C190AB8C2B459238Da1153cEBA,count,317,1,-316
0xA1f87895550EAc6a8e9E4318466F482612a5986D,1,72008,40453,-31555
0xA1f87895550EAc6a8e9E4318466F482612a5986D,2,24294,28281,3987
0xA1f87895550EAc6a8e9E4318466F482612a5986D,4,46206,28293,-17913
0xA1f87895550EAc6a8e9E4318466F482612a5986D,5,30791,28341,-2450
0xA1f87895550EAc6a8e9E4318466F482612a5986D,6,37808,40453,2645
0xA1f87895550EAc6a8e9E4318466F482612a5986D,7,30815,28365,-2450
0xA1f87895550EAc6a8e9E4318466F482612a5986D,8,37808,40453,2645
0xA1f87895550EAc6a8e9E4318466F482612a5986D,10,37808,40453,2645
0xA1f87895550EAc6a8e9E4318466F482612a5986D,11,37107,missing
0xA1f87895550EAc6a8e9E4318466F482612a5986D,12,37107,missing
0xA1f87895550EAc6a8e9E4318466F482612a5986D,13,37107,missing
0xA1f87895550EAc6a8e9E4318466F482612a5986D,14,37107,missing
0xA1f87895550EAc6a8e9E4318466F482612a5986D,15,37107,missing
0xA1f87895550EAc6a8e9E4318466F482612a5986D,16,37107,missing
0xA1f87895550EAc6a8e9E4318466F482612a5986D,17,37107,missing
0xA1f87895550EAc6a8e9E4318466F482612a5986D,18,37107,missing
0xA1f87895550EAc6a8e9E4318466F482612a5986D,19,29423,27770,-1653
0xA1f87895550EAc6a8e9E4318466F482612a5986D,20,29423,27770,-1653
0xA1f87895550EAc6a8e9E4318466F482612a5986D,21,29423,27770,-1653
0xA1f87895550EAc6a8e9E4318466F482612a5986D,22,29423,27770,-1653
0xA1f87895550EAc6a8e9E4318466F482612a5986D,23,29423,27770,-1653
0xA1f87895550EAc6a8e9E4318466F482612a5986D,24,29423,27770,-1653
0xA1f87895550EAc6a8e9E4318466F482612a5986D,25,29423,27770,-1653
0xA1f87895550EAc6a8e9E4318466F482612a5986D,26,29423,27770,-1653
0xA1f87895550EAc6a8e9E4318466F482612a5986D,27,29423,27770,-1653
0xA1f87895550EAc6a8e9E4318466F482612a5986D,28,29423,27770,-1653
0xA1f87895550EAc6a8e9E4318466F482612a5986D,29,29423,27770,-1653
0xA1f87895550EAc6a8e9E4318466F482612a5986D,30,29423,27770,-1653
0xA1f87895550EAc6a8e9E4318466F482612a5986D,31,29423,27770,-1653
0xA1f87895550EAc6a8e9E4318466F482612a5986D,32,29423,27770,-1653
0xA1f87895550EAc6a8e9E4318466F482612a5986D,33,29423,27770,-1653
0xA1f87895550EAc6a8e9E4318466F482612a5986D,34,29423,27770,-1653
0xA1f87895550EAc6a8e9E4318466F482612a5986D,35,29423,27770,-1653
0xA1f87895550EAc6a8e9E4318466F482612a5986D,36,29423,27770,-1653
0xA1f87895550EAc6a8e9E4318466F482612a5986D,37,29423,27770,-1653
0xA1f87895550EAc6a8e9E4318466F482612a5986D,38,29423,27770,-1653
0xA1f87895550EAc6a8e9E4318466F482612a5986D,39,29423,27770,-1653
0xA1f87895550EAc6a8e9E4318466F482612a5986D,40,29423,27770,-1653
0xA1f87895550EAc6a8e9E4318466F482612a5986D,41,29423,27770,-1653
0xA1f87895550EAc6a8e9E4318466F482612a5986D,42,29423,27770,-1653
0xA1f87895550EAc6a8e9E4318466F482612a5986D,count,40,34,-6
0xA1f87895550EAc6a8e9E4318466F482612a5986D,3,missing,40453
0xA1f87895550EAc6a8e9E4318466F482612a5986D,9,missing,40061
0x2d6669c810bf1444D2e5e7f4cfC56a4c10cf7A2A,1,47783,28661,-19122
0x2d6669c810bf1444D2e5e7f4cfC56a4c10cf7A2A,count,1,1,0
0xd113244b9049943d4bc6fef3048d24edf92dd788,count,0,0,0
0x10E886BAcD4A12C21Bb39646751374Eae495B776,1,29422,28521,-901
0x10E886BAcD4A12C21Bb39646751374Eae495B776,2,72684,28721,-43963
0x10E886BAcD4A12C21Bb39646751374Eae495B776,3,46841,28573,-18268
0x10E886BAcD4A12C21Bb39646751374Eae495B776,4,46909,28861,-18048
0x10E886BAcD4A12C21Bb39646751374Eae495B776,5,46415,28341,-18074
0x10E886BAcD4A12C21Bb39646751374Eae495B776,6,47231,28897,-18334
0x10E886BAcD4A12C21Bb39646751374Eae495B776,7,54535,missing
0x10E886BAcD4A12C21Bb39646751374Eae495B776,8,46931,28729,-18202
0x10E886BAcD4A12C21Bb39646751374Eae495B776,9,37411,missing
0x10E886BAcD4A12C21Bb39646751374Eae495B776,10,37411,missing
0x10E886BAcD4A12C21Bb39646751374Eae495B776,11,42856,30365,-12491
0x10E886BAcD4A12C21Bb39646751374Eae495B776,count,11,8,-3
0xe4eabdca81e31d9acbc4af76b30f532b6ed7f3bf,1,21040,40061,19021
0xe4eabdca81e31d9acbc4af76b30f532b6ed7f3bf,2,33173,40453,7280
0xe4eabdca81e31d9acbc4af76b30f532b6ed7f3bf,count,2,2,0
